     0.00000  6371.00000     5.80000     3.36000     2.72000
     5.00000  6366.00000     5.80000     3.36000     2.72000
    10.00000  6361.00000     5.80000     3.36000     2.72000
    15.00000  6356.00000     5.80000     3.36000     2.72000
    20.00000  6351.00000     5.80000     3.36000     2.72000
    20.00000  6351.00000     6.50000     3.75000     2.92000
    25.00000  6346.00000     6.50000     3.75000     2.92000
    30.00000  6341.00000     6.50000     3.75000     2.92000
    35.00000  6336.00000     6.50000     3.75000     2.92000
    35.00000  6336.00000     8.04000     4.47000     3.31977
    40.00000  6331.00000     8.04059     4.47176     3.32279
    50.00000  6321.00000     8.04177     4.47529     3.32885
    60.00000  6311.00000     8.04294     4.47882     3.33491
    70.00000  6301.00000     8.04412     4.48235     3.34097
    80.00000  6291.00000     8.04529     4.48588     3.34703
    90.00000  6281.00000     8.04647     4.48941     3.35309
   100.00000  6271.00000     8.04765     4.49294     3.35915
   110.00000  6261.00000     8.04882     4.49647     3.36521
   120.00000  6251.00000     8.05000     4.50000     3.37126
   120.00000  6251.00000     8.05000     4.50000     3.37126
   130.00000  6241.00000     8.07778     4.50200     3.37732
   140.00000  6231.00000     8.10556     4.50400     3.38338
   150.00000  6221.00000     8.13334     4.50600     3.38944
   160.00000  6211.00000     8.16112     4.50800     3.39550
   170.00000  6201.00000     8.18889     4.51000     3.40156
   180.00000  6191.00000     8.21667     4.51200     3.40762
   190.00000  6181.00000     8.24445     4.51400     3.41368
   200.00000  6171.00000     8.27223     4.51600     3.41973
   210.00000  6161.00000     8.30000     4.51800     3.42579
   210.00000  6161.00000     8.30000     4.52200     3.42579
   220.00000  6151.00000     8.33650     4.53940     3.43185
   230.00000  6141.00000     8.37300     4.55680     3.43791
   240.00000  6131.00000     8.40950     4.57420     3.44397
   250.00000  6121.00000     8.44600     4.59160     3.45003
   260.00000  6111.00000     8.48250     4.60900     3.45609
   270.00000  6101.00000     8.51900     4.62640     3.46214
   280.00000  6091.00000     8.55550     4.64380     3.46820
   290.00000  6081.00000     8.59200     4.66120     3.47426
   300.00000  6071.00000     8.62850     4.67860     3.48032
   310.00000  6061.00000     8.66500     4.69600     3.48638
   320.00000  6051.00000     8.70150     4.71340     3.49244
   330.00000  6041.00000     8.73800     4.73080     3.49850
   340.00000  6031.00000     8.77450     4.74820     3.50456
   350.00000  6021.00000     8.81100     4.76560     3.51061
   360.00000  6011.00000     8.84750     4.78300     3.51667
   370.00000  6001.00000     8.88400     4.80040     3.52273
   380.00000  5991.00000     8.92050     4.81780     3.52879
   390.00000  5981.00000     8.95700     4.83520     3.53485
   400.00000  5971.00000     8.99350     4.85260     3.54091
   410.00000  5961.00000     9.03000     4.87000     3.54697
   410.00000  5961.00000     9.36000     5.07000     3.75574
   420.00000  5951.00000     9.39360     5.09120     3.76809
   430.00000  5941.00000     9.42720     5.11240     3.78045
   440.00000  5931.00000     9.46080     5.13360     3.79280
   450.00000  5921.00000     9.49440     5.15480     3.80516
   460.00000  5911.00000     9.52800     5.17600     3.81751
   470.00000  5901.00000     9.56160     5.19720     3.82986
   480.00000  5891.00000     9.59520     5.21840     3.84222
   490.00000  5881.00000     9.62880     5.23960     3.85457
   500.00000  5871.00000     9.66240     5.26080     3.86692
   510.00000  5861.00000     9.69600     5.28200     3.87928
   520.00000  5851.00000     9.72960     5.30320     3.89163
   530.00000  5841.00000     9.76320     5.32440     3.90399
   540.00000  5831.00000     9.79680     5.34560     3.91634
   550.00000  5821.00000     9.83040     5.36680     3.92869
   560.00000  5811.00000     9.86400     5.38800     3.94105
   570.00000  5801.00000     9.89760     5.40920     3.95340
   580.00000  5791.00000     9.93120     5.43040     3.96575
   590.00000  5781.00000     9.96480     5.45160     3.97811
   600.00000  5771.00000     9.99840     5.47280     3.99046
   610.00000  5761.00000    10.03200     5.49400     4.00281
   620.00000  5751.00000    10.06560     5.51520     4.01517
   630.00000  5741.00000    10.09920     5.53640     4.02752
   640.00000  5731.00000    10.13280     5.55760     4.03988
   650.00000  5721.00000    10.16640     5.57880     4.05223
   660.00000  5711.00000    10.20000     5.60000     4.06458
   660.00000  5711.00000    10.79000     5.95000     4.37137
   670.00000  5701.00000    10.81658     5.97595     4.37731
   680.00000  5691.00000    10.84316     6.00189     4.38325
   690.00000  5681.00000    10.86974     6.02784     4.38918
   700.00000  5671.00000    10.89632     6.05379     4.39511
   710.00000  5661.00000    10.92290     6.07974     4.40103
   720.00000  5651.00000    10.94948     6.10569     4.40694
   730.00000  5641.00000    10.97606     6.13163     4.41285
   740.00000  5631.00000    11.00264     6.15758     4.41875
   750.00000  5621.00000    11.02922     6.18353     4.42464
   760.00000  5611.00000    11.05580     6.20948     4.43053
   760.00000  5611.00000    11.05584     6.20950     4.43053
   770.00000  5601.00000    11.07382     6.21724     4.43642
   780.00000  5591.00000    11.09172     6.22493     4.44230
   790.00000  5581.00000    11.10953     6.23258     4.44817
   800.00000  5571.00000    11.12725     6.24019     4.45403
   810.00000  5561.00000    11.14488     6.24775     4.45990
   820.00000  5551.00000    11.16242     6.25526     4.46575
   830.00000  5541.00000    11.17988     6.26273     4.47160
   840.00000  5531.00000    11.19726     6.27016     4.47744
   850.00000  5521.00000    11.21454     6.27754     4.48328
   860.00000  5511.00000    11.23175     6.28488     4.48911
   870.00000  5501.00000    11.24887     6.29217     4.49494
   880.00000  5491.00000    11.26590     6.29943     4.50076
   890.00000  5481.00000    11.28285     6.30664     4.50657
   900.00000  5471.00000    11.29972     6.31381     4.51238
   910.00000  5461.00000    11.31651     6.32094     4.51818
   920.00000  5451.00000    11.33322     6.32802     4.52398
   930.00000  5441.00000    11.34985     6.33507     4.52977
   940.00000  5431.00000    11.36639     6.34207     4.53555
   950.00000  5421.00000    11.38286     6.34904     4.54133
   960.00000  5411.00000    11.39925     6.35596     4.54710
   970.00000  5401.00000    11.41556     6.36285     4.55287
   980.00000  5391.00000    11.43180     6.36970     4.55863
   990.00000  5381.00000    11.44796     6.37650     4.56439
  1000.00000  5371.00000    11.46404     6.38327     4.57014
  1010.00000  5361.00000    11.48005     6.39000     4.57588
  1020.00000  5351.00000    11.49598     6.39669     4.58162
  1030.00000  5341.00000    11.51184     6.40335     4.58735
  1040.00000  5331.00000    11.52762     6.40996     4.59308
  1050.00000  5321.00000    11.54333     6.41654     4.59880
  1060.00000  5311.00000    11.55897     6.42308     4.60451
  1070.00000  5301.00000    11.57454     6.42959     4.61022
  1080.00000  5291.00000    11.59004     6.43606     4.61592
  1090.00000  5281.00000    11.60546     6.44250     4.62162
  1100.00000  5271.00000    11.62082     6.44890     4.62731
  1110.00000  5261.00000    11.63611     6.45526     4.63300
  1120.00000  5251.00000    11.65132     6.46159     4.63868
  1130.00000  5241.00000    11.66647     6.46788     4.64435
  1140.00000  5231.00000    11.68156     6.47415     4.65002
  1150.00000  5221.00000    11.69657     6.48037     4.65568
  1160.00000  5211.00000    11.71152     6.48657     4.66134
  1170.00000  5201.00000    11.72641     6.49273     4.66699
  1180.00000  5191.00000    11.74123     6.49886     4.67263
  1190.00000  5181.00000    11.75598     6.50495     4.67827
  1200.00000  5171.00000    11.77067     6.51101     4.68390
  1210.00000  5161.00000    11.78530     6.51705     4.68953
  1220.00000  5151.00000    11.79987     6.52305     4.69515
  1230.00000  5141.00000    11.81437     6.52902     4.70077
  1240.00000  5131.00000    11.82882     6.53496     4.70638
  1250.00000  5121.00000    11.84320     6.54086     4.71198
  1260.00000  5111.00000    11.85752     6.54674     4.71758
  1270.00000  5101.00000    11.87178     6.55259     4.72317
  1280.00000  5091.00000    11.88599     6.55841     4.72876
  1290.00000  5081.00000    11.90014     6.56419     4.73434
  1300.00000  5071.00000    11.91422     6.56995     4.73991
  1310.00000  5061.00000    11.92826     6.57569     4.74548
  1320.00000  5051.00000    11.94223     6.58139     4.75104
  1330.00000  5041.00000    11.95615     6.58707     4.75660
  1340.00000  5031.00000    11.97002     6.59271     4.76215
  1350.00000  5021.00000    11.98383     6.59834     4.76770
  1360.00000  5011.00000    11.99758     6.60393     4.77324
  1370.00000  5001.00000    12.01129     6.60950     4.77877
  1380.00000  4991.00000    12.02494     6.61504     4.78430
  1390.00000  4981.00000    12.03854     6.62055     4.78982
  1400.00000  4971.00000    12.05208     6.62604     4.79533
  1410.00000  4961.00000    12.06558     6.63151     4.80085
  1420.00000  4951.00000    12.07903     6.63695     4.80635
  1430.00000  4941.00000    12.09243     6.64236     4.81185
  1440.00000  4931.00000    12.10577     6.64775     4.81734
  1450.00000  4921.00000    12.11908     6.65312     4.82283
  1460.00000  4911.00000    12.13233     6.65846     4.82831
  1470.00000  4901.00000    12.14553     6.66378     4.83378
  1480.00000  4891.00000    12.15869     6.66908     4.83925
  1490.00000  4881.00000    12.17181     6.67435     4.84472
  1500.00000  4871.00000    12.18488     6.67960     4.85017
  1510.00000  4861.00000    12.19790     6.68483     4.85563
  1520.00000  4851.00000    12.21088     6.69004     4.86107
  1530.00000  4841.00000    12.22382     6.69523     4.86651
  1540.00000  4831.00000    12.23671     6.70040     4.87195
  1550.00000  4821.00000    12.24956     6.70554     4.87738
  1560.00000  4811.00000    12.26237     6.71067     4.88280
  1570.00000  4801.00000    12.27514     6.71577     4.88821
  1580.00000  4791.00000    12.28787     6.72086     4.89363
  1590.00000  4781.00000    12.30056     6.72592     4.89903
  1600.00000  4771.00000    12.31322     6.73097     4.90443
  1610.00000  4761.00000    12.32583     6.73600     4.90982
  1620.00000  4751.00000    12.33840     6.74101     4.91521
  1630.00000  4741.00000    12.35094     6.74600     4.92059
  1640.00000  4731.00000    12.36344     6.75097     4.92597
  1650.00000  4721.00000    12.37591     6.75593     4.93134
  1660.00000  4711.00000    12.38834     6.76087     4.93670
  1670.00000  4701.00000    12.40073     6.76579     4.94206
  1680.00000  4691.00000    12.41309     6.77070     4.94741
  1690.00000  4681.00000    12.42542     6.77559     4.95276
  1700.00000  4671.00000    12.43772     6.78046     4.95810
  1710.00000  4661.00000    12.44998     6.78532     4.96344
  1720.00000  4651.00000    12.46221     6.79016     4.96877
  1730.00000  4641.00000    12.47441     6.79499     4.97409
  1740.00000  4631.00000    12.48658     6.79981     4.97941
  1750.00000  4621.00000    12.49872     6.80461     4.98472
  1760.00000  4611.00000    12.51083     6.80940     4.99002
  1770.00000  4601.00000    12.52292     6.81417     4.99532
  1780.00000  4591.00000    12.53497     6.81893     5.00062
  1790.00000  4581.00000    12.54700     6.82368     5.00591
  1800.00000  4571.00000    12.55900     6.82841     5.01119
  1810.00000  4561.00000    12.57098     6.83314     5.01646
  1820.00000  4551.00000    12.58293     6.83785     5.02174
  1830.00000  4541.00000    12.59485     6.84255     5.02700
  1840.00000  4531.00000    12.60675     6.84723     5.03226
  1850.00000  4521.00000    12.61863     6.85191     5.03751
  1860.00000  4511.00000    12.63048     6.85658     5.04276
  1870.00000  4501.00000    12.64231     6.86124     5.04800
  1880.00000  4491.00000    12.65413     6.86588     5.05324
  1890.00000  4481.00000    12.66592     6.87052     5.05847
  1900.00000  4471.00000    12.67768     6.87515     5.06369
  1910.00000  4461.00000    12.68943     6.87977     5.06891
  1920.00000  4451.00000    12.70116     6.88438     5.07412
  1930.00000  4441.00000    12.71287     6.88898     5.07933
  1940.00000  4431.00000    12.72457     6.89358     5.08453
  1950.00000  4421.00000    12.73624     6.89816     5.08972
  1960.00000  4411.00000    12.74790     6.90274     5.09491
  1970.00000  4401.00000    12.75955     6.90731     5.10010
  1980.00000  4391.00000    12.77117     6.91188     5.10527
  1990.00000  4381.00000    12.78279     6.91644     5.11044
  2000.00000  4371.00000    12.79438     6.92099     5.11561
  2010.00000  4361.00000    12.80597     6.92554     5.12077
  2020.00000  4351.00000    12.81754     6.93009     5.12592
  2030.00000  4341.00000    12.82910     6.93462     5.13107
  2040.00000  4331.00000    12.84065     6.93916     5.13621
  2050.00000  4321.00000    12.85218     6.94369     5.14135
  2060.00000  4311.00000    12.86371     6.94821     5.14648
  2070.00000  4301.00000    12.87522     6.95273     5.15161
  2080.00000  4291.00000    12.88673     6.95725     5.15672
  2090.00000  4281.00000    12.89823     6.96177     5.16184
  2100.00000  4271.00000    12.90972     6.96628     5.16694
  2110.00000  4261.00000    12.92120     6.97079     5.17205
  2120.00000  4251.00000    12.93267     6.97530     5.17714
  2130.00000  4241.00000    12.94414     6.97980     5.18223
  2140.00000  4231.00000    12.95561     6.98431     5.18732
  2150.00000  4221.00000    12.96706     6.98881     5.19239
  2160.00000  4211.00000    12.97852     6.99332     5.19747
  2170.00000  4201.00000    12.98997     6.99782     5.20253
  2180.00000  4191.00000    13.00141     7.00232     5.20759
  2190.00000  4181.00000    13.01286     7.00683     5.21265
  2200.00000  4171.00000    13.02430     7.01133     5.21770
  2210.00000  4161.00000    13.03574     7.01584     5.22274
  2220.00000  4151.00000    13.04718     7.02034     5.22778
  2230.00000  4141.00000    13.05862     7.02485     5.23281
  2240.00000  4131.00000    13.07006     7.02936     5.23783
  2250.00000  4121.00000    13.08150     7.03387     5.24285
  2260.00000  4111.00000    13.09295     7.03839     5.24787
  2270.00000  4101.00000    13.10440     7.04290     5.25287
  2280.00000  4091.00000    13.11584     7.04742     5.25788
  2290.00000  4081.00000    13.12730     7.05195     5.26287
  2300.00000  4071.00000    13.13875     7.05648     5.26786
  2310.00000  4061.00000    13.15022     7.06101     5.27285
  2320.00000  4051.00000    13.16168     7.06555     5.27783
  2330.00000  4041.00000    13.17316     7.07009     5.28280
  2340.00000  4031.00000    13.18464     7.07463     5.28777
  2350.00000  4021.00000    13.19612     7.07919     5.29273
  2360.00000  4011.00000    13.20762     7.08375     5.29768
  2370.00000  4001.00000    13.21912     7.08831     5.30263
  2380.00000  3991.00000    13.23063     7.09288     5.30758
  2390.00000  3981.00000    13.24216     7.09746     5.31251
  2400.00000  3971.00000    13.25369     7.10204     5.31745
  2410.00000  3961.00000    13.26524     7.10664     5.32237
  2420.00000  3951.00000    13.27679     7.11124     5.32729
  2430.00000  3941.00000    13.28836     7.11584     5.33221
  2440.00000  3931.00000    13.29994     7.12046     5.33712
  2450.00000  3921.00000    13.31154     7.12509     5.34202
  2460.00000  3911.00000    13.32314     7.12972     5.34692
  2470.00000  3901.00000    13.33477     7.13436     5.35181
  2480.00000  3891.00000    13.34641     7.13902     5.35669
  2490.00000  3881.00000    13.35806     7.14368     5.36157
  2500.00000  3871.00000    13.36973     7.14836     5.36644
  2510.00000  3861.00000    13.38142     7.15304     5.37131
  2520.00000  3851.00000    13.39313     7.15774     5.37617
  2530.00000  3841.00000    13.40485     7.16245     5.38103
  2540.00000  3831.00000    13.41660     7.16717     5.38588
  2550.00000  3821.00000    13.42836     7.17190     5.39073
  2560.00000  3811.00000    13.44014     7.17664     5.39556
  2570.00000  3801.00000    13.45195     7.18140     5.40040
  2580.00000  3791.00000    13.46378     7.18617     5.40522
  2590.00000  3781.00000    13.47562     7.19095     5.41004
  2600.00000  3771.00000    13.48749     7.19575     5.41486
  2610.00000  3761.00000    13.49939     7.20056     5.41967
  2620.00000  3751.00000    13.51131     7.20538     5.42447
  2630.00000  3741.00000    13.52325     7.21022     5.42927
  2640.00000  3731.00000    13.53522     7.21508     5.43406
  2650.00000  3721.00000    13.54721     7.21995     5.43885
  2660.00000  3711.00000    13.55924     7.22483     5.44363
  2670.00000  3701.00000    13.57128     7.22973     5.44840
  2680.00000  3691.00000    13.58336     7.23465     5.45317
  2690.00000  3681.00000    13.59546     7.23959     5.45793
  2700.00000  3671.00000    13.60760     7.24454     5.46269
  2710.00000  3661.00000    13.61976     7.24951     5.46744
  2720.00000  3651.00000    13.63195     7.25450     5.47219
  2730.00000  3641.00000    13.64417     7.25950     5.47693
  2740.00000  3631.00000    13.65643     7.26452     5.48166
  2740.00000  3631.00000    13.65643     7.26452     5.48166
  2750.00000  3621.00000    13.65871     7.26699     5.48639
  2760.00000  3611.00000    13.66102     7.26947     5.49111
  2770.00000  3601.00000    13.66333     7.27195     5.49582
  2780.00000  3591.00000    13.66564     7.27444     5.50053
  2790.00000  3581.00000    13.66794     7.27692     5.50524
  2800.00000  3571.00000    13.67025     7.27940     5.50994
  2810.00000  3561.00000    13.67256     7.28188     5.51463
  2820.00000  3551.00000    13.67487     7.28437     5.51932
  2830.00000  3541.00000    13.67718     7.28685     5.52400
  2840.00000  3531.00000    13.67949     7.28933     5.52867
  2850.00000  3521.00000    13.68180     7.29182     5.53334
  2860.00000  3511.00000    13.68411     7.29430     5.53800
  2870.00000  3501.00000    13.68641     7.29678     5.54266
  2880.00000  3491.00000    13.68872     7.29927     5.54731
  2889.00000  3482.00000    13.69080     7.30150     5.55150
  2889.00000  3482.00000     8.00876     0.00000     9.91448
  2890.00000  3481.00000     8.01052     0.00000     9.91608
  2900.00000  3471.00000     8.02804     0.00000     9.93204
  2910.00000  3461.00000     8.04549     0.00000     9.94793
  2920.00000  3451.00000     8.06287     0.00000     9.96376
  2930.00000  3441.00000     8.08018     0.00000     9.97952
  2940.00000  3431.00000     8.09743     0.00000     9.99522
  2950.00000  3421.00000     8.11461     0.00000    10.01084
  2960.00000  3411.00000     8.13173     0.00000    10.02641
  2970.00000  3401.00000     8.14877     0.00000    10.04190
  2980.00000  3391.00000     8.16575     0.00000    10.05733
  2990.00000  3381.00000     8.18266     0.00000    10.07270
  3000.00000  3371.00000     8.19951     0.00000    10.08800
  3010.00000  3361.00000     8.21628     0.00000    10.10324
  3020.00000  3351.00000     8.23299     0.00000    10.11841
  3030.00000  3341.00000     8.24963     0.00000    10.13351
  3040.00000  3331.00000     8.26621     0.00000    10.14855
  3050.00000  3321.00000     8.28272     0.00000    10.16353
  3060.00000  3311.00000     8.29916     0.00000    10.17844
  3070.00000  3301.00000     8.31553     0.00000    10.19329
  3080.00000  3291.00000     8.33183     0.00000    10.20807
  3090.00000  3281.00000     8.34807     0.00000    10.22279
  3100.00000  3271.00000     8.36424     0.00000    10.23745
  3110.00000  3261.00000     8.38035     0.00000    10.25204
  3120.00000  3251.00000     8.39638     0.00000    10.26657
  3130.00000  3241.00000     8.41235     0.00000    10.28103
  3140.00000  3231.00000     8.42825     0.00000    10.29544
  3150.00000  3221.00000     8.44408     0.00000    10.30978
  3160.00000  3211.00000     8.45985     0.00000    10.32405
  3170.00000  3201.00000     8.47555     0.00000    10.33827
  3180.00000  3191.00000     8.49118     0.00000    10.35242
  3190.00000  3181.00000     8.50675     0.00000    10.36651
  3200.00000  3171.00000     8.52224     0.00000    10.38054
  3210.00000  3161.00000     8.53767     0.00000    10.39450
  3220.00000  3151.00000     8.55303     0.00000    10.40841
  3230.00000  3141.00000     8.56833     0.00000    10.42225
  3240.00000  3131.00000     8.58356     0.00000    10.43603
  3250.00000  3121.00000     8.59872     0.00000    10.44975
  3260.00000  3111.00000     8.61381     0.00000    10.46341
  3270.00000  3101.00000     8.62883     0.00000    10.47701
  3280.00000  3091.00000     8.64379     0.00000    10.49055
  3290.00000  3081.00000     8.65868     0.00000    10.50402
  3300.00000  3071.00000     8.67351     0.00000    10.51744
  3310.00000  3061.00000     8.68826     0.00000    10.53079
  3320.00000  3051.00000     8.70295     0.00000    10.54409
  3330.00000  3041.00000     8.71757     0.00000    10.55733
  3340.00000  3031.00000     8.73213     0.00000    10.57050
  3350.00000  3021.00000     8.74661     0.00000    10.58362
  3360.00000  3011.00000     8.76103     0.00000    10.59668
  3370.00000  3001.00000     8.77538     0.00000    10.60967
  3380.00000  2991.00000     8.78967     0.00000    10.62261
  3390.00000  2981.00000     8.80388     0.00000    10.63549
  3400.00000  2971.00000     8.81803     0.00000    10.64832
  3410.00000  2961.00000     8.83212     0.00000    10.66108
  3420.00000  2951.00000     8.84613     0.00000    10.67378
  3430.00000  2941.00000     8.86008     0.00000    10.68643
  3440.00000  2931.00000     8.87396     0.00000    10.69902
  3450.00000  2921.00000     8.88777     0.00000    10.71155
  3460.00000  2911.00000     8.90152     0.00000    10.72402
  3470.00000  2901.00000     8.91520     0.00000    10.73643
  3480.00000  2891.00000     8.92881     0.00000    10.74879
  3490.00000  2881.00000     8.94235     0.00000    10.76109
  3500.00000  2871.00000     8.95583     0.00000    10.77333
  3510.00000  2861.00000     8.96923     0.00000    10.78552
  3520.00000  2851.00000     8.98258     0.00000    10.79765
  3530.00000  2841.00000     8.99585     0.00000    10.80972
  3540.00000  2831.00000     9.00906     0.00000    10.82174
  3550.00000  2821.00000     9.02220     0.00000    10.83370
  3560.00000  2811.00000     9.03527     0.00000    10.84560
  3570.00000  2801.00000     9.04827     0.00000    10.85745
  3580.00000  2791.00000     9.06121     0.00000    10.86924
  3590.00000  2781.00000     9.07408     0.00000    10.88098
  3600.00000  2771.00000     9.08688     0.00000    10.89266
  3610.00000  2761.00000     9.09962     0.00000    10.90428
  3620.00000  2751.00000     9.11228     0.00000    10.91585
  3630.00000  2741.00000     9.12488     0.00000    10.92737
  3640.00000  2731.00000     9.13742     0.00000    10.93883
  3650.00000  2721.00000     9.14988     0.00000    10.95024
  3660.00000  2711.00000     9.16228     0.00000    10.96159
  3670.00000  2701.00000     9.17461     0.00000    10.97288
  3680.00000  2691.00000     9.18688     0.00000    10.98413
  3690.00000  2681.00000     9.19907     0.00000    10.99532
  3700.00000  2671.00000     9.21120     0.00000    11.00645
  3710.00000  2661.00000     9.22326     0.00000    11.01753
  3720.00000  2651.00000     9.23526     0.00000    11.02856
  3730.00000  2641.00000     9.24718     0.00000    11.03954
  3740.00000  2631.00000     9.25904     0.00000    11.05046
  3750.00000  2621.00000     9.27083     0.00000    11.06133
  3760.00000  2611.00000     9.28256     0.00000    11.07214
  3770.00000  2601.00000     9.29422     0.00000    11.08291
  3780.00000  2591.00000     9.30581     0.00000    11.09362
  3790.00000  2581.00000     9.31733     0.00000    11.10428
  3800.00000  2571.00000     9.32878     0.00000    11.11488
  3810.00000  2561.00000     9.34017     0.00000    11.12544
  3820.00000  2551.00000     9.35149     0.00000    11.13594
  3830.00000  2541.00000     9.36275     0.00000    11.14639
  3840.00000  2531.00000     9.37393     0.00000    11.15679
  3850.00000  2521.00000     9.38505     0.00000    11.16714
  3860.00000  2511.00000     9.39610     0.00000    11.17743
  3870.00000  2501.00000     9.40709     0.00000    11.18768
  3880.00000  2491.00000     9.41800     0.00000    11.19788
  3890.00000  2481.00000     9.42885     0.00000    11.20802
  3900.00000  2471.00000     9.43963     0.00000    11.21811
  3910.00000  2461.00000     9.45035     0.00000    11.22816
  3920.00000  2451.00000     9.46099     0.00000    11.23815
  3930.00000  2441.00000     9.47157     0.00000    11.24809
  3940.00000  2431.00000     9.48209     0.00000    11.25799
  3950.00000  2421.00000     9.49253     0.00000    11.26783
  3960.00000  2411.00000     9.50291     0.00000    11.27763
  3970.00000  2401.00000     9.51322     0.00000    11.28737
  3980.00000  2391.00000     9.52346     0.00000    11.29707
  3990.00000  2381.00000     9.53364     0.00000    11.30671
  4000.00000  2371.00000     9.54375     0.00000    11.31631
  4010.00000  2361.00000     9.55379     0.00000    11.32586
  4020.00000  2351.00000     9.56376     0.00000    11.33536
  4030.00000  2341.00000     9.57367     0.00000    11.34481
  4040.00000  2331.00000     9.58350     0.00000    11.35422
  4050.00000  2321.00000     9.59328     0.00000    11.36357
  4060.00000  2311.00000     9.60298     0.00000    11.37288
  4070.00000  2301.00000     9.61262     0.00000    11.38214
  4080.00000  2291.00000     9.62219     0.00000    11.39136
  4090.00000  2281.00000     9.63169     0.00000    11.40052
  4100.00000  2271.00000     9.64112     0.00000    11.40964
  4110.00000  2261.00000     9.65049     0.00000    11.41871
  4120.00000  2251.00000     9.65979     0.00000    11.42774
  4130.00000  2241.00000     9.66902     0.00000    11.43671
  4140.00000  2231.00000     9.67819     0.00000    11.44564
  4150.00000  2221.00000     9.68728     0.00000    11.45453
  4160.00000  2211.00000     9.69631     0.00000    11.46337
  4170.00000  2201.00000     9.70528     0.00000    11.47216
  4180.00000  2191.00000     9.71417     0.00000    11.48091
  4190.00000  2181.00000     9.72300     0.00000    11.48961
  4200.00000  2171.00000     9.73176     0.00000    11.49826
  4210.00000  2161.00000     9.74046     0.00000    11.50687
  4220.00000  2151.00000     9.74908     0.00000    11.51544
  4230.00000  2141.00000     9.75764     0.00000    11.52396
  4240.00000  2131.00000     9.76613     0.00000    11.53243
  4250.00000  2121.00000     9.77456     0.00000    11.54086
  4260.00000  2111.00000     9.78291     0.00000    11.54925
  4270.00000  2101.00000     9.79120     0.00000    11.55759
  4280.00000  2091.00000     9.79942     0.00000    11.56589
  4290.00000  2081.00000     9.80758     0.00000    11.57414
  4300.00000  2071.00000     9.81567     0.00000    11.58235
  4310.00000  2061.00000     9.82369     0.00000    11.59051
  4320.00000  2051.00000     9.83164     0.00000    11.59863
  4330.00000  2041.00000     9.83952     0.00000    11.60671
  4340.00000  2031.00000     9.84734     0.00000    11.61475
  4350.00000  2021.00000     9.85509     0.00000    11.62274
  4360.00000  2011.00000     9.86278     0.00000    11.63069
  4370.00000  2001.00000     9.87039     0.00000    11.63860
  4380.00000  1991.00000     9.87794     0.00000    11.64646
  4390.00000  1981.00000     9.88542     0.00000    11.65428
  4400.00000  1971.00000     9.89283     0.00000    11.66206
  4410.00000  1961.00000     9.90018     0.00000    11.66980
  4420.00000  1951.00000     9.90746     0.00000    11.67749
  4430.00000  1941.00000     9.91467     0.00000    11.68514
  4440.00000  1931.00000     9.92182     0.00000    11.69276
  4450.00000  1921.00000     9.92889     0.00000    11.70033
  4460.00000  1911.00000     9.93590     0.00000    11.70786
  4470.00000  1901.00000     9.94284     0.00000    11.71534
  4480.00000  1891.00000     9.94972     0.00000    11.72279
  4490.00000  1881.00000     9.95653     0.00000    11.73020
  4500.00000  1871.00000     9.96327     0.00000    11.73756
  4510.00000  1861.00000     9.96994     0.00000    11.74489
  4520.00000  1851.00000     9.97655     0.00000    11.75217
  4530.00000  1841.00000     9.98308     0.00000    11.75942
  4540.00000  1831.00000     9.98955     0.00000    11.76662
  4550.00000  1821.00000     9.99596     0.00000    11.77379
  4560.00000  1811.00000    10.00229     0.00000    11.78091
  4570.00000  1801.00000    10.00856     0.00000    11.78800
  4580.00000  1791.00000    10.01476     0.00000    11.79504
  4590.00000  1781.00000    10.02090     0.00000    11.80205
  4600.00000  1771.00000    10.02696     0.00000    11.80902
  4610.00000  1761.00000    10.03296     0.00000    11.81595
  4620.00000  1751.00000    10.03889     0.00000    11.82284
  4630.00000  1741.00000    10.04476     0.00000    11.82969
  4640.00000  1731.00000    10.05056     0.00000    11.83651
  4650.00000  1721.00000    10.05629     0.00000    11.84328
  4660.00000  1711.00000    10.06195     0.00000    11.85002
  4670.00000  1701.00000    10.06754     0.00000    11.85672
  4680.00000  1691.00000    10.07307     0.00000    11.86338
  4690.00000  1681.00000    10.07853     0.00000    11.87001
  4700.00000  1671.00000    10.08392     0.00000    11.87660
  4710.00000  1661.00000    10.08925     0.00000    11.88315
  4720.00000  1651.00000    10.09451     0.00000    11.88966
  4730.00000  1641.00000    10.09970     0.00000    11.89614
  4740.00000  1631.00000    10.10482     0.00000    11.90258
  4750.00000  1621.00000    10.10988     0.00000    11.90898
  4760.00000  1611.00000    10.11487     0.00000    11.91535
  4770.00000  1601.00000    10.11979     0.00000    11.92168
  4780.00000  1591.00000    10.12464     0.00000    11.92798
  4790.00000  1581.00000    10.12943     0.00000    11.93424
  4800.00000  1571.00000    10.13415     0.00000    11.94046
  4810.00000  1561.00000    10.13880     0.00000    11.94665
  4820.00000  1551.00000    10.14339     0.00000    11.95280
  4830.00000  1541.00000    10.14790     0.00000    11.95892
  4840.00000  1531.00000    10.15235     0.00000    11.96501
  4850.00000  1521.00000    10.15674     0.00000    11.97105
  4860.00000  1511.00000    10.16105     0.00000    11.97707
  4870.00000  1501.00000    10.16530     0.00000    11.98305
  4880.00000  1491.00000    10.16948     0.00000    11.98899
  4890.00000  1481.00000    10.17359     0.00000    11.99490
  4900.00000  1471.00000    10.17764     0.00000    12.00078
  4910.00000  1461.00000    10.18162     0.00000    12.00662
  4920.00000  1451.00000    10.18553     0.00000    12.01243
  4930.00000  1441.00000    10.18937     0.00000    12.01821
  4940.00000  1431.00000    10.19315     0.00000    12.02395
  4950.00000  1421.00000    10.19686     0.00000    12.02966
  4960.00000  1411.00000    10.20050     0.00000    12.03533
  4970.00000  1401.00000    10.20407     0.00000    12.04098
  4980.00000  1391.00000    10.20758     0.00000    12.04659
  4990.00000  1381.00000    10.21102     0.00000    12.05217
  5000.00000  1371.00000    10.21439     0.00000    12.05771
  5010.00000  1361.00000    10.21770     0.00000    12.06322
  5020.00000  1351.00000    10.22093     0.00000    12.06871
  5030.00000  1341.00000    10.22410     0.00000    12.07416
  5040.00000  1331.00000    10.22721     0.00000    12.07957
  5050.00000  1321.00000    10.23024     0.00000    12.08496
  5060.00000  1311.00000    10.23321     0.00000    12.09031
  5070.00000  1301.00000    10.23611     0.00000    12.09564
  5080.00000  1291.00000    10.23894     0.00000    12.10093
  5090.00000  1281.00000    10.24171     0.00000    12.10619
  5100.00000  1271.00000    10.24441     0.00000    12.11142
  5110.00000  1261.00000    10.24704     0.00000    12.11662
  5120.00000  1251.00000    10.24960     0.00000    12.12179
  5130.00000  1241.00000    10.25210     0.00000    12.12694
  5140.00000  1231.00000    10.25453     0.00000    12.13204
  5150.00000  1221.00000    10.25689     0.00000    12.13713
  5153.90000  1217.10000    10.25779     0.00000    12.13910
  5153.90000  1217.10000    11.09142     3.43854    12.70370
  5160.00000  1211.00000    11.09292     3.43980    12.70678
  5170.00000  1201.00000    11.09535     3.44185    12.71181
  5180.00000  1191.00000    11.09777     3.44389    12.71679
  5190.00000  1181.00000    11.10016     3.44591    12.72173
  5200.00000  1171.00000    11.10253     3.44791    12.72662
  5210.00000  1161.00000    11.10489     3.44989    12.73148
  5220.00000  1151.00000    11.10722     3.45186    12.73630
  5230.00000  1141.00000    11.10954     3.45381    12.74107
  5240.00000  1131.00000    11.11183     3.45574    12.74580
  5250.00000  1121.00000    11.11410     3.45765    12.75049
  5260.00000  1111.00000    11.11635     3.45955    12.75514
  5270.00000  1101.00000    11.11859     3.46143    12.75975
  5280.00000  1091.00000    11.12080     3.46330    12.76431
  5290.00000  1081.00000    11.12299     3.46515    12.76883
  5300.00000  1071.00000    11.12516     3.46698    12.77332
  5310.00000  1061.00000    11.12732     3.46879    12.77775
  5320.00000  1051.00000    11.12945     3.47059    12.78215
  5330.00000  1041.00000    11.13156     3.47237    12.78651
  5340.00000  1031.00000    11.13365     3.47413    12.79082
  5350.00000  1021.00000    11.13572     3.47587    12.79510
  5360.00000  1011.00000    11.13777     3.47760    12.79933
  5370.00000  1001.00000    11.13980     3.47931    12.80352
  5380.00000   991.00000    11.14181     3.48101    12.80767
  5390.00000   981.00000    11.14380     3.48268    12.81178
  5400.00000   971.00000    11.14577     3.48435    12.81584
  5410.00000   961.00000    11.14773     3.48599    12.81986
  5420.00000   951.00000    11.14966     3.48761    12.82385
  5430.00000   941.00000    11.15156     3.48922    12.82779
  5440.00000   931.00000    11.15345     3.49082    12.83168
  5450.00000   921.00000    11.15532     3.49239    12.83554
  5460.00000   911.00000    11.15717     3.49395    12.83936
  5470.00000   901.00000    11.15900     3.49549    12.84313
  5480.00000   891.00000    11.16081     3.49702    12.84686
  5490.00000   881.00000    11.16260     3.49852    12.85055
  5500.00000   871.00000    11.16437     3.50001    12.85420
  5510.00000   861.00000    11.16612     3.50149    12.85781
  5520.00000   851.00000    11.16784     3.50294    12.86137
  5530.00000   841.00000    11.16955     3.50438    12.86490
  5540.00000   831.00000    11.17124     3.50580    12.86838
  5550.00000   821.00000    11.17291     3.50721    12.87182
  5560.00000   811.00000    11.17455     3.50860    12.87522
  5570.00000   801.00000    11.17618     3.50997    12.87857
  5580.00000   791.00000    11.17779     3.51132    12.88189
  5590.00000   781.00000    11.17937     3.51266    12.88516
  5600.00000   771.00000    11.18094     3.51398    12.88840
  5610.00000   761.00000    11.18249     3.51528    12.89159
  5620.00000   751.00000    11.18401     3.51657    12.89474
  5630.00000   741.00000    11.18552     3.51784    12.89784
  5640.00000   731.00000    11.18701     3.51909    12.90091
  5650.00000   721.00000    11.18847     3.52032    12.90393
  5660.00000   711.00000    11.18992     3.52154    12.90691
  5670.00000   701.00000    11.19134     3.52274    12.90985
  5680.00000   691.00000    11.19275     3.52393    12.91275
  5690.00000   681.00000    11.19413     3.52509    12.91561
  5700.00000   671.00000    11.19550     3.52624    12.91843
  5710.00000   661.00000    11.19684     3.52738    12.92120
  5720.00000   651.00000    11.19816     3.52849    12.92393
  5730.00000   641.00000    11.19947     3.52959    12.92662
  5740.00000   631.00000    11.20075     3.53067    12.92927
  5750.00000   621.00000    11.20202     3.53174    12.93188
  5760.00000   611.00000    11.20326     3.53279    12.93444
  5770.00000   601.00000    11.20448     3.53382    12.93697
  5780.00000   591.00000    11.20569     3.53483    12.93945
  5790.00000   581.00000    11.20687     3.53583    12.94189
  5800.00000   571.00000    11.20803     3.53681    12.94429
  5810.00000   561.00000    11.20917     3.53777    12.94665
  5820.00000   551.00000    11.21030     3.53872    12.94896
  5830.00000   541.00000    11.21140     3.53965    12.95124
  5840.00000   531.00000    11.21248     3.54056    12.95347
  5850.00000   521.00000    11.21354     3.54145    12.95566
  5860.00000   511.00000    11.21458     3.54233    12.95781
  5870.00000   501.00000    11.21561     3.54319    12.95992
  5880.00000   491.00000    11.21661     3.54403    12.96198
  5890.00000   481.00000    11.21759     3.54486    12.96401
  5900.00000   471.00000    11.21855     3.54567    12.96599
  5910.00000   461.00000    11.21949     3.54646    12.96793
  5920.00000   451.00000    11.22041     3.54724    12.96983
  5930.00000   441.00000    11.22131     3.54800    12.97169
  5940.00000   431.00000    11.22219     3.54874    12.97351
  5950.00000   421.00000    11.22305     3.54946    12.97528
  5960.00000   411.00000    11.22389     3.55017    12.97701
  5970.00000   401.00000    11.22471     3.55086    12.97870
  5980.00000   391.00000    11.22551     3.55154    12.98035
  5990.00000   381.00000    11.22629     3.55219    12.98196
  6000.00000   371.00000    11.22705     3.55283    12.98353
  6010.00000   361.00000    11.22779     3.55346    12.98505
  6020.00000   351.00000    11.22851     3.55406    12.98653
  6030.00000   341.00000    11.22920     3.55465    12.98797
  6040.00000   331.00000    11.22988     3.55522    12.98937
  6050.00000   321.00000    11.23054     3.55578    12.99073
  6060.00000   311.00000    11.23118     3.55631    12.99205
  6070.00000   301.00000    11.23180     3.55683    12.99332
  6080.00000   291.00000    11.23239     3.55734    12.99455
  6090.00000   281.00000    11.23297     3.55782    12.99575
  6100.00000   271.00000    11.23353     3.55829    12.99690
  6110.00000   261.00000    11.23406     3.55875    12.99800
  6120.00000   251.00000    11.23458     3.55918    12.99907
  6130.00000   241.00000    11.23508     3.55960    13.00009
  6140.00000   231.00000    11.23555     3.56000    13.00108
  6150.00000   221.00000    11.23601     3.56039    13.00202
  6160.00000   211.00000    11.23645     3.56075    13.00292
  6170.00000   201.00000    11.23686     3.56110    13.00378
  6180.00000   191.00000    11.23726     3.56144    13.00459
  6190.00000   181.00000    11.23763     3.56175    13.00537
  6200.00000   171.00000    11.23799     3.56205    13.00610
  6210.00000   161.00000    11.23832     3.56234    13.00679
  6220.00000   151.00000    11.23864     3.56260    13.00744
  6230.00000   141.00000    11.23893     3.56285    13.00805
  6240.00000   131.00000    11.23921     3.56308    13.00862
  6250.00000   121.00000    11.23946     3.56329    13.00914
  6260.00000   111.00000    11.23970     3.56349    13.00962
  6270.00000   101.00000    11.23991     3.56367    13.01007
  6280.00000    91.00000    11.24010     3.56384    13.01047
  6290.00000    81.00000    11.24028     3.56398    13.01082
  6300.00000    71.00000    11.24043     3.56411    13.01114
  6310.00000    61.00000    11.24056     3.56422    13.01141
  6320.00000    51.00000    11.24068     3.56432    13.01165
  6330.00000    41.00000    11.24077     3.56440    13.01184
  6340.00000    31.00000    11.24084     3.56446    13.01199
  6350.00000    21.00000    11.24090     3.56450    13.01210
  6360.00000    11.00000    11.24093     3.56453    13.01217
  6370.00000     1.00000    11.24094     3.56454    13.01219
  6371.00000     0.00000    11.24094     3.56454    13.01219
