     0.00000  1736.00000     4.90000     2.80000     2.15600
    15.00000  1722.00000     4.90000     2.80000     2.15600
    15.00000  1722.00000     6.25000     3.57000     2.74890
    58.00000  1679.00000     6.68000     3.57000     2.74890
    58.00000  1679.00000     7.74000     4.49000     3.45730
   270.00000  1467.00000     7.74000     4.49000     3.45730
   270.00000  1467.00000     7.46000     4.25000     3.27250
   500.00000  1237.00000     7.46000     4.25000     3.27250
   500.00000  1237.00000     8.26000     4.65000     3.58050
  1000.00000   737.00000     8.26000     4.65000     3.58050
  1010.00000   727.00000     8.26260     4.65260     3.58250
  1380.00000   357.00000     8.36000     4.75000     3.65750
  1437.00000    97.00000    10.36000     6.75000     5.42750
  1737.00000     0.00000    10.36000     6.75000     5.42750
