     0.00000  1737.00000     5.80000     3.30000     2.7000
    57.00000  1680.00000     5.80000     3.30000     2.7000
    57.00000  1680.00000     7.74000     4.49000     3.3000
   270.00000  1467.00000     7.74000     4.49000     3.3000
   270.00000  1467.00000     7.46000     4.25000     3.3000
   500.00000  1237.00000     7.46000     4.25000     3.3000
   500.00000  1237.00000     8.26000     4.65000     3.5000
  1000.00000  0737.00000     8.26000     4.65000     3.5000
  1000.00000  0737.00000     8.36000     4.75000     3.6000
  1337.00000  0400.00000     8.36000     4.75000     3.6000
  1337.00000  0400.00000    11.36000     6.75000     5.0000
  1737.00000  0000.00000    11.36000     6.75000     5.0000
