     0.00000  1737.00000     0.50000     0.25600     0.19712
    10.00000  1727.00000     5.00000     2.56400     1.97428
    10.00000  1727.00000     5.00000     2.56400     1.97428
    20.00000  1717.00000     5.83330     3.16840     2.43967
    28.00000  1709.00000     6.50000     3.65200     2.81204
    28.00000  1709.00000     7.65000     4.37000     3.36490
    30.00000  1707.00000     7.65000     4.37000     3.36490
    38.00000  1699.00000     7.65000     4.37000     3.36490
    38.00000  1699.00000     7.65000     4.40000     3.38800
    40.00000  1697.00000     7.65000     4.40000     3.38800
    50.00000  1687.00000     7.65000     4.40000     3.38800
    60.00000  1677.00000     7.65000     4.40000     3.38800
    70.00000  1667.00000     7.65000     4.40000     3.38800
    80.00000  1657.00000     7.65000     4.40000     3.38800
    90.00000  1647.00000     7.65000     4.40000     3.38800
   100.00000  1637.00000     7.65000     4.40000     3.38800
   100.00000  1637.00000     7.65000     4.40000     3.38800
   110.00000  1627.00000     7.65000     4.40000     3.38800
   120.00000  1617.00000     7.65000     4.40000     3.38800
   130.00000  1607.00000     7.65000     4.40000     3.38800
   140.00000  1597.00000     7.65000     4.40000     3.38800
   150.00000  1587.00000     7.65000     4.40000     3.38800
   160.00000  1577.00000     7.65000     4.40000     3.38800
   170.00000  1567.00000     7.65000     4.40000     3.38800
   180.00000  1557.00000     7.65000     4.40000     3.38800
   190.00000  1547.00000     7.65000     4.40000     3.38800
   200.00000  1537.00000     7.65000     4.40000     3.38800
   210.00000  1527.00000     7.65000     4.40000     3.38800
   220.00000  1517.00000     7.65000     4.40000     3.38800
   230.00000  1507.00000     7.65000     4.40000     3.38800
   238.00000  1499.00000     7.65000     4.40000     3.38800
   238.00000  1499.00000     7.79000     4.37000     3.36490
   240.00000  1497.00000     7.79000     4.37000     3.36490
   250.00000  1487.00000     7.79000     4.37000     3.36490
   260.00000  1477.00000     7.79000     4.37000     3.36490
   270.00000  1467.00000     7.79000     4.37000     3.36490
   280.00000  1457.00000     7.79000     4.37000     3.36490
   290.00000  1447.00000     7.79000     4.37000     3.36490
   300.00000  1437.00000     7.79000     4.37000     3.36490
   310.00000  1427.00000     7.79000     4.37000     3.36490
   320.00000  1417.00000     7.79000     4.37000     3.36490
   330.00000  1407.00000     7.79000     4.37000     3.36490
   340.00000  1397.00000     7.79000     4.37000     3.36490
   350.00000  1387.00000     7.79000     4.37000     3.36490
   360.00000  1377.00000     7.79000     4.37000     3.36490
   370.00000  1367.00000     7.79000     4.37000     3.36490
   380.00000  1357.00000     7.79000     4.37000     3.36490
   390.00000  1347.00000     7.79000     4.37000     3.36490
   400.00000  1337.00000     7.79000     4.37000     3.36490
   410.00000  1327.00000     7.79000     4.37000     3.36490
   420.00000  1317.00000     7.79000     4.37000     3.36490
   430.00000  1307.00000     7.79000     4.37000     3.36490
   440.00000  1297.00000     7.79000     4.37000     3.36490
   450.00000  1287.00000     7.79000     4.37000     3.36490
   460.00000  1277.00000     7.79000     4.37000     3.36490
   470.00000  1267.00000     7.79000     4.37000     3.36490
   480.00000  1257.00000     7.79000     4.37000     3.36490
   488.00000  1249.00000     7.79000     4.37000     3.36490
   488.00000  1249.00000     7.62000     4.40000     3.38800
   490.00000  1247.00000     7.62000     4.40000     3.38800
   500.00000  1237.00000     7.62000     4.40000     3.38800
   510.00000  1227.00000     7.62000     4.40000     3.38800
   520.00000  1217.00000     7.62000     4.40000     3.38800
   530.00000  1207.00000     7.62000     4.40000     3.38800
   540.00000  1197.00000     7.62000     4.40000     3.38800
   550.00000  1187.00000     7.62000     4.40000     3.38800
   560.00000  1177.00000     7.62000     4.40000     3.38800
   570.00000  1167.00000     7.62000     4.40000     3.38800
   580.00000  1157.00000     7.62000     4.40000     3.38800
   590.00000  1147.00000     7.62000     4.40000     3.38800
   600.00000  1137.00000     7.62000     4.40000     3.38800
   610.00000  1127.00000     7.62000     4.40000     3.38800
   620.00000  1117.00000     7.62000     4.40000     3.38800
   630.00000  1107.00000     7.62000     4.40000     3.38800
   640.00000  1097.00000     7.62000     4.40000     3.38800
   650.00000  1087.00000     7.62000     4.40000     3.38800
   660.00000  1077.00000     7.62000     4.40000     3.38800
   670.00000  1067.00000     7.62000     4.40000     3.38800
   680.00000  1057.00000     7.62000     4.40000     3.38800
   690.00000  1047.00000     7.62000     4.40000     3.38800
   700.00000  1037.00000     7.62000     4.40000     3.38800
   710.00000  1027.00000     7.62000     4.40000     3.38800
   720.00000  1017.00000     7.62000     4.40000     3.38800
   730.00000  1007.00000     7.62000     4.40000     3.38800
   738.00000   999.00000     7.62000     4.40000     3.38800
   738.00000   999.00000     8.15000     4.50000     3.46500
   740.00000   997.00000     8.15000     4.50000     3.46500
   750.00000   987.00000     8.15000     4.50000     3.46500
   760.00000   977.00000     8.15000     4.50000     3.46500
   770.00000   967.00000     8.15000     4.50000     3.46500
   780.00000   957.00000     8.15000     4.50000     3.46500
   790.00000   947.00000     8.15000     4.50000     3.46500
   800.00000   937.00000     8.15000     4.50000     3.46500
   810.00000   927.00000     8.15000     4.50000     3.46500
   820.00000   917.00000     8.15000     4.50000     3.46500
   830.00000   907.00000     8.15000     4.50000     3.46500
   840.00000   897.00000     8.15000     4.50000     3.46500
   850.00000   887.00000     8.15000     4.50000     3.46500
   860.00000   877.00000     8.15000     4.50000     3.46500
   870.00000   867.00000     8.15000     4.50000     3.46500
   880.00000   857.00000     8.15000     4.50000     3.46500
   890.00000   847.00000     8.15000     4.50000     3.46500
   900.00000   837.00000     8.15000     4.50000     3.46500
   910.00000   827.00000     8.15000     4.50000     3.46500
   920.00000   817.00000     8.15000     4.50000     3.46500
   930.00000   807.00000     8.15000     4.50000     3.46500
   940.00000   797.00000     8.15000     4.50000     3.46500
   950.00000   787.00000     8.15000     4.50000     3.46500
   960.00000   777.00000     8.15000     4.50000     3.46500
   970.00000   767.00000     8.15000     4.50000     3.46500
   980.00000   757.00000     8.15000     4.50000     3.46500
   990.00000   747.00000     8.15000     4.50000     3.46500
  1000.00000   737.00000     8.15000     4.50000     3.46500
  1000.00000   737.00000     8.15000     4.50000     3.46500
  1010.00000   727.00000     8.15260     4.50260     3.46700
  1020.00000   717.00000     8.15530     4.50530     3.46908
  1030.00000   707.00000     8.15790     4.50790     3.47108
  1040.00000   697.00000     8.16050     4.51050     3.47308
  1050.00000   687.00000     8.16320     4.51320     3.47516
  1060.00000   677.00000     8.16580     4.51580     3.47717
  1070.00000   667.00000     8.16840     4.51840     3.47917
  1080.00000   657.00000     8.17110     4.52110     3.48125
  1090.00000   647.00000     8.17370     4.52370     3.48325
  1100.00000   637.00000     8.17630     4.52630     3.48525
  1110.00000   627.00000     8.17890     4.52890     3.48725
  1120.00000   617.00000     8.18160     4.53160     3.48933
  1130.00000   607.00000     8.18420     4.53420     3.49133
  1140.00000   597.00000     8.18680     4.53680     3.49334
  1150.00000   587.00000     8.18950     4.53950     3.49542
  1160.00000   577.00000     8.19210     4.54210     3.49742
  1170.00000   567.00000     8.19470     4.54470     3.49942
  1180.00000   557.00000     8.19740     4.54740     3.50150
  1190.00000   547.00000     8.20000     4.55000     3.50350
  1200.00000   537.00000     8.20260     4.55260     3.50550
  1210.00000   527.00000     8.20530     4.55530     3.50758
  1220.00000   517.00000     8.20790     4.55790     3.50958
  1230.00000   507.00000     8.21050     4.56050     3.51158
  1240.00000   497.00000     8.21320     4.56320     3.51366
  1250.00000   487.00000     8.21580     4.56580     3.51567
  1260.00000   477.00000     8.21840     4.56840     3.51767
  1270.00000   467.00000     8.22110     4.57110     3.51975
  1280.00000   457.00000     8.22370     4.57370     3.52175
  1290.00000   447.00000     8.22630     4.57630     3.52375
  1300.00000   437.00000     8.22890     4.57890     3.52575
  1310.00000   427.00000     8.23160     4.58160     3.52783
  1320.00000   417.00000     8.23420     4.58420     3.52983
  1330.00000   407.00000     8.23680     4.58680     3.53184
  1340.00000   397.00000     8.23950     4.58950     3.53391
  1350.00000   387.00000     8.24210     4.59210     3.53592
  1360.00000   377.00000     8.24470     4.59470     3.53792
  1370.00000   367.00000     8.24740     4.59740     3.54000
  1380.00000   357.00000     8.25000     4.60000     3.54200
  1470.00000   267.00000     8.26000     4.61000     3.54500
  1560.00000   177.00000     8.27000     4.62000     3.54900
  1650.00000    87.00000     8.28000     4.63000     3.55100
  1737.00000     0.00000     8.29000     4.64000     3.55500

