     0.00000  1737.00000     1.00000     0.50000     2.60000
     0.10000  1736.90002     1.00000     0.50000     2.60000
     0.20000  1736.80005     1.00000     0.50000     2.60000
     0.30000  1736.69995     1.00000     0.50000     2.60000
     0.40000  1736.59998     1.00000     0.50000     2.60000
     0.50000  1736.50000     1.00000     0.50000     2.60000
     0.60000  1736.40002     1.00000     0.50000     2.60000
     0.70000  1736.30005     1.00000     0.50000     2.60000
     0.80000  1736.19995     1.00000     0.50000     2.60000
     0.90000  1736.09998     1.00000     0.50000     2.60000
     1.00000  1736.00000     1.00000     0.50000     2.60000
     1.10000  1735.90002     1.01571     0.50929     2.60143
     1.20000  1735.80005     1.03143     0.51857     2.60286
     1.30000  1735.69995     1.04714     0.52786     2.60429
     1.40000  1735.59998     1.06286     0.53714     2.60571
     1.50000  1735.50000     1.07857     0.54643     2.60714
     1.60000  1735.40002     1.09429     0.55571     2.60857
     1.70000  1735.30005     1.11000     0.56500     2.61000
     1.80000  1735.19995     1.12571     0.57429     2.61143
     1.90000  1735.09998     1.14143     0.58357     2.61286
     2.00000  1735.00000     1.15714     0.59286     2.61429
     2.10000  1734.90002     1.17286     0.60214     2.61571
     2.20000  1734.80005     1.18857     0.61143     2.61714
     2.30000  1734.69995     1.20429     0.62071     2.61857
     2.40000  1734.59998     1.22000     0.63000     2.62000
     2.50000  1734.50000     1.23571     0.63929     2.62143
     2.60000  1734.40002     1.25143     0.64857     2.62286
     2.70000  1734.30005     1.26714     0.65786     2.62429
     2.80000  1734.19995     1.28286     0.66714     2.62571
     2.90000  1734.09998     1.29857     0.67643     2.62714
     3.00000  1734.00000     1.31429     0.68571     2.62857
     3.10000  1733.90002     1.33000     0.69500     2.63000
     3.20000  1733.80005     1.34571     0.70429     2.63143
     3.30000  1733.69995     1.36143     0.71357     2.63286
     3.40000  1733.59998     1.37714     0.72286     2.63429
     3.50000  1733.50000     1.39286     0.73214     2.63571
     3.60000  1733.40002     1.40857     0.74143     2.63714
     3.70000  1733.30005     1.42429     0.75071     2.63857
     3.80000  1733.19995     1.44000     0.76000     2.64000
     3.90000  1733.09998     1.45571     0.76929     2.64143
     4.00000  1733.00000     1.47143     0.77857     2.64286
     4.10000  1732.90002     1.48714     0.78786     2.64429
     4.20000  1732.80005     1.50286     0.79714     2.64571
     4.30000  1732.69995     1.51857     0.80643     2.64714
     4.40000  1732.59998     1.53429     0.81571     2.64857
     4.50000  1732.50000     1.55000     0.82500     2.65000
     4.60000  1732.40002     1.56571     0.83429     2.65143
     4.70000  1732.30005     1.58143     0.84357     2.65286
     4.80000  1732.19995     1.59714     0.85286     2.65429
     4.90000  1732.09998     1.61286     0.86214     2.65571
     5.00000  1732.00000     1.62857     0.87143     2.65714
     5.10000  1731.90002     1.64429     0.88071     2.65857
     5.20000  1731.80005     1.66000     0.89000     2.66000
     5.30000  1731.69995     1.67571     0.89929     2.66143
     5.40000  1731.59998     1.69143     0.90857     2.66286
     5.50000  1731.50000     1.70714     0.91786     2.66429
     5.60000  1731.40002     1.72286     0.92714     2.66571
     5.70000  1731.30005     1.73857     0.93643     2.66714
     5.80000  1731.19995     1.75429     0.94571     2.66857
     5.90000  1731.09998     1.77000     0.95500     2.67000
     6.00000  1731.00000     1.78571     0.96429     2.67143
     6.10000  1730.90002     1.80143     0.97357     2.67286
     6.20000  1730.80005     1.81714     0.98286     2.67429
     6.30000  1730.69995     1.83286     0.99214     2.67571
     6.40000  1730.59998     1.84857     1.00143     2.67714
     6.50000  1730.50000     1.86429     1.01071     2.67857
     6.60000  1730.40002     1.88000     1.02000     2.68000
     6.70000  1730.30005     1.89571     1.02929     2.68143
     6.80000  1730.19995     1.91143     1.03857     2.68286
     6.90000  1730.09998     1.92714     1.04786     2.68429
     7.00000  1730.00000     1.94286     1.05714     2.68571
     7.10000  1729.90002     1.95857     1.06643     2.68714
     7.20000  1729.80005     1.97429     1.07571     2.68857
     7.30000  1729.69995     1.99000     1.08500     2.69000
     7.40000  1729.59998     2.00571     1.09429     2.69143
     7.50000  1729.50000     2.02143     1.10357     2.69286
     7.60000  1729.40002     2.03714     1.11286     2.69429
     7.70000  1729.30005     2.05286     1.12214     2.69571
     7.80000  1729.19995     2.06857     1.13143     2.69714
     7.90000  1729.09998     2.08429     1.14071     2.69857
     8.00000  1729.00000     2.10000     1.15000     2.70000
     8.10000  1728.90002     2.11571     1.15929     2.70000
     8.20000  1728.80005     2.13143     1.16857     2.70000
     8.30000  1728.69995     2.14714     1.17786     2.70000
     8.40000  1728.59998     2.16286     1.18714     2.70000
     8.50000  1728.50000     2.17857     1.19643     2.70000
     8.60000  1728.40002     2.19429     1.20571     2.70000
     8.70000  1728.30005     2.21000     1.21500     2.70000
     8.80000  1728.19995     2.22571     1.22429     2.70000
     8.90000  1728.09998     2.24143     1.23357     2.70000
     9.00000  1728.00000     2.25714     1.24286     2.70000
     9.10000  1727.90002     2.27286     1.25214     2.70000
     9.20000  1727.80005     2.28857     1.26143     2.70000
     9.30000  1727.69995     2.30429     1.27071     2.70000
     9.40000  1727.59998     2.32000     1.28000     2.70000
     9.50000  1727.50000     2.33571     1.28929     2.70000
     9.60000  1727.40002     2.35143     1.29857     2.70000
     9.70000  1727.30005     2.36714     1.30786     2.70000
     9.80000  1727.19995     2.38286     1.31714     2.70000
     9.90000  1727.09998     2.39857     1.32643     2.70000
    10.00000  1727.00000     2.41429     1.33571     2.70000
    10.10000  1726.90002     2.43000     1.34500     2.70000
    10.20000  1726.80005     2.44571     1.35429     2.70000
    10.30000  1726.69995     2.46143     1.36357     2.70000
    10.40000  1726.59998     2.47714     1.37286     2.70000
    10.50000  1726.50000     2.49286     1.38214     2.70000
    10.60000  1726.40002     2.50857     1.39143     2.70000
    10.70000  1726.30005     2.52429     1.40071     2.70000
    10.80000  1726.19995     2.54000     1.41000     2.70000
    10.90000  1726.09998     2.55571     1.41929     2.70000
    11.00000  1726.00000     2.57143     1.42857     2.70000
    11.10000  1725.90002     2.58714     1.43786     2.70000
    11.20000  1725.80005     2.60286     1.44714     2.70000
    11.30000  1725.69995     2.61857     1.45643     2.70000
    11.40000  1725.59998     2.63429     1.46571     2.70000
    11.50000  1725.50000     2.65000     1.47500     2.70000
    11.60000  1725.40002     2.66571     1.48429     2.70000
    11.70000  1725.30005     2.68143     1.49357     2.70000
    11.80000  1725.19995     2.69714     1.50286     2.70000
    11.90000  1725.09998     2.71286     1.51214     2.70000
    12.00000  1725.00000     2.72857     1.52143     2.70000
    12.10000  1724.90002     2.74429     1.53071     2.70000
    12.20000  1724.80005     2.76000     1.54000     2.70000
    12.30000  1724.69995     2.77571     1.54929     2.70000
    12.40000  1724.59998     2.79143     1.55857     2.70000
    12.50000  1724.50000     2.80714     1.56786     2.70000
    12.60000  1724.40002     2.82286     1.57714     2.70000
    12.70000  1724.30005     2.83857     1.58643     2.70000
    12.80000  1724.19995     2.85429     1.59571     2.70000
    12.90000  1724.09998     2.87000     1.60500     2.70000
    13.00000  1724.00000     2.88571     1.61429     2.70000
    13.10000  1723.90002     2.90143     1.62357     2.70000
    13.20000  1723.80005     2.91714     1.63286     2.70000
    13.30000  1723.69995     2.93286     1.64214     2.70000
    13.40000  1723.59998     2.94857     1.65143     2.70000
    13.50000  1723.50000     2.96429     1.66071     2.70000
    13.60000  1723.40002     2.98000     1.67000     2.70000
    13.70000  1723.30005     2.99571     1.67929     2.70000
    13.80000  1723.19995     3.01143     1.68857     2.70000
    13.90000  1723.09998     3.02714     1.69786     2.70000
    14.00000  1723.00000     3.04286     1.70714     2.70000
    14.10000  1722.90002     3.05857     1.71643     2.70000
    14.20000  1722.80005     3.07429     1.72571     2.70000
    14.30000  1722.69995     3.09000     1.73500     2.70000
    14.40000  1722.59998     3.10571     1.74429     2.70000
    14.50000  1722.50000     3.12143     1.75357     2.70000
    14.60000  1722.40002     3.13714     1.76286     2.70000
    14.70000  1722.30005     3.15286     1.77214     2.70000
    14.80000  1722.19995     3.16857     1.78143     2.70000
    14.90000  1722.09998     3.18429     1.79071     2.70000
    15.00000  1722.00000     3.20000     1.80000     2.70000
    19.33333  1718.00000     3.58333     2.03333     2.73333
    23.66667  1714.00000     3.96667     2.26667     2.76667
    28.00000  1710.00000     4.35000     2.50000     2.80000
    40.00000  1697.00000     5.50000     3.20000     2.80000
    40.00000  1697.00000     7.70000     4.40000     3.30000
    50.42105  1686.57898     7.70000     4.40000     3.30000
    60.84211  1676.15784     7.70000     4.40000     3.30000
    71.26316  1665.73682     7.70000     4.40000     3.30000
    81.68421  1655.31580     7.70000     4.40000     3.30000
    92.10526  1644.89478     7.70000     4.40000     3.30000
   102.52632  1634.47363     7.70000     4.40000     3.30000
   112.94736  1624.05261     7.70000     4.40000     3.30000
   123.36842  1613.63159     7.70000     4.40000     3.30000
   133.78947  1603.21057     7.70000     4.40000     3.30000
   144.21053  1592.78943     7.70000     4.40000     3.30000
   154.63158  1582.36841     7.70000     4.40000     3.30000
   165.05264  1571.94739     7.70000     4.40000     3.30000
   175.47368  1561.52637     7.70000     4.40000     3.30000
   185.89473  1551.10522     7.70000     4.40000     3.30000
   196.31580  1540.68420     7.70000     4.40000     3.30000
   206.73685  1530.26318     7.70000     4.40000     3.30000
   217.15790  1519.84204     7.70000     4.40000     3.30000
   227.57895  1509.42102     7.70000     4.40000     3.30000
   238.00000  1499.00000     7.70000     4.40000     3.30000
   238.00000  1499.00000     7.80000     4.40000     3.40000
   248.00000  1489.00000     7.80000     4.40000     3.40000
   258.00000  1479.00000     7.80000     4.40000     3.40000
   268.00000  1469.00000     7.80000     4.40000     3.40000
   278.00000  1459.00000     7.80000     4.40000     3.40000
   288.00000  1449.00000     7.80000     4.40000     3.40000
   298.00000  1439.00000     7.80000     4.40000     3.40000
   308.00000  1429.00000     7.80000     4.40000     3.40000
   318.00000  1419.00000     7.80000     4.40000     3.40000
   328.00000  1409.00000     7.80000     4.40000     3.40000
   338.00000  1399.00000     7.80000     4.40000     3.40000
   348.00000  1389.00000     7.80000     4.40000     3.40000
   358.00000  1379.00000     7.80000     4.40000     3.40000
   368.00000  1369.00000     7.80000     4.40000     3.40000
   378.00000  1359.00000     7.80000     4.40000     3.40000
   388.00000  1349.00000     7.80000     4.40000     3.40000
   398.00000  1339.00000     7.80000     4.40000     3.40000
   408.00000  1329.00000     7.80000     4.40000     3.40000
   418.00000  1319.00000     7.80000     4.40000     3.40000
   428.00000  1309.00000     7.80000     4.40000     3.40000
   438.00000  1299.00000     7.80000     4.40000     3.40000
   448.00000  1289.00000     7.80000     4.40000     3.40000
   458.00000  1279.00000     7.80000     4.40000     3.40000
   468.00000  1269.00000     7.80000     4.40000     3.40000
   478.00000  1259.00000     7.80000     4.40000     3.40000
   488.00000  1249.00000     7.80000     4.40000     3.40000
   488.00000  1249.00000     7.60000     4.40000     3.40000
   498.00000  1239.00000     7.60000     4.40000     3.40000
   508.00000  1229.00000     7.60000     4.40000     3.40000
   518.00000  1219.00000     7.60000     4.40000     3.40000
   528.00000  1209.00000     7.60000     4.40000     3.40000
   538.00000  1199.00000     7.60000     4.40000     3.40000
   548.00000  1189.00000     7.60000     4.40000     3.40000
   558.00000  1179.00000     7.60000     4.40000     3.40000
   568.00000  1169.00000     7.60000     4.40000     3.40000
   578.00000  1159.00000     7.60000     4.40000     3.40000
   588.00000  1149.00000     7.60000     4.40000     3.40000
   598.00000  1139.00000     7.60000     4.40000     3.40000
   608.00000  1129.00000     7.60000     4.40000     3.40000
   618.00000  1119.00000     7.60000     4.40000     3.40000
   628.00000  1109.00000     7.60000     4.40000     3.40000
   638.00000  1099.00000     7.60000     4.40000     3.40000
   648.00000  1089.00000     7.60000     4.40000     3.40000
   658.00000  1079.00000     7.60000     4.40000     3.40000
   668.00000  1069.00000     7.60000     4.40000     3.40000
   678.00000  1059.00000     7.60000     4.40000     3.40000
   688.00000  1049.00000     7.60000     4.40000     3.40000
   698.00000  1039.00000     7.60000     4.40000     3.40000
   708.00000  1029.00000     7.60000     4.40000     3.40000
   718.00000  1019.00000     7.60000     4.40000     3.40000
   728.00000  1009.00000     7.60000     4.40000     3.40000
   738.00000   999.00000     7.60000     4.40000     3.40000
   738.00000   999.00000     8.50000     4.50000     3.40000
   748.17645   988.82355     8.50000     4.50000     3.40000
   758.35297   978.64703     8.50000     4.50000     3.40000
   768.52942   968.47058     8.50000     4.50000     3.40000
   778.70587   958.29413     8.50000     4.50000     3.40000
   788.88232   948.11768     8.50000     4.50000     3.40000
   799.05884   937.94116     8.50000     4.50000     3.40000
   809.23529   927.76471     8.50000     4.50000     3.40000
   819.41174   917.58826     8.50000     4.50000     3.40000
   829.58826   907.41174     8.50000     4.50000     3.40000
   839.76471   897.23529     8.50000     4.50000     3.40000
   849.94116   887.05884     8.50000     4.50000     3.40000
   860.11768   876.88232     8.50000     4.50000     3.40000
   870.29413   866.70587     8.50000     4.50000     3.40000
   880.47058   856.52942     8.50000     4.50000     3.40000
   890.64709   846.35291     8.50000     4.50000     3.40000
   900.82355   836.17645     8.50000     4.50000     3.40000
   911.00000   826.00000     8.50000     4.50000     3.40000
   921.17645   815.82355     8.50000     4.50000     3.40000
   931.35291   805.64709     8.50000     4.50000     3.40000
   941.52942   795.47058     8.50000     4.50000     3.40000
   951.70587   785.29413     8.50000     4.50000     3.40000
   961.88232   775.11768     8.50000     4.50000     3.40000
   972.05884   764.94116     8.50000     4.50000     3.40000
   982.23529   754.76471     8.50000     4.50000     3.40000
   992.41174   744.58826     8.50000     4.50000     3.40000
  1002.58826   734.41174     8.50000     4.50000     3.40000
  1012.76471   724.23529     8.50000     4.50000     3.40000
  1022.94116   714.05884     8.50000     4.50000     3.40000
  1033.11768   703.88232     8.50000     4.50000     3.40000
  1043.29419   693.70587     8.50000     4.50000     3.40000
  1053.47058   683.52942     8.50000     4.50000     3.40000
  1063.64709   673.35291     8.50000     4.50000     3.40000
  1073.82349   663.17651     8.50000     4.50000     3.40000
  1084.00000   653.00000     8.50000     4.50000     3.40000
  1094.17651   642.82349     8.50000     4.50000     3.40000
  1104.35291   632.64709     8.50000     4.50000     3.40000
  1114.52942   622.47058     8.50000     4.50000     3.40000
  1124.70581   612.29413     8.50000     4.50000     3.40000
  1134.88232   602.11768     8.50000     4.50000     3.40000
  1145.05884   591.94116     8.50000     4.50000     3.40000
  1155.23535   581.76471     8.50000     4.50000     3.40000
  1165.41174   571.58826     8.50000     4.50000     3.40000
  1175.58826   561.41174     8.50000     4.50000     3.40000
  1185.76465   551.23529     8.50000     4.50000     3.40000
  1195.94116   541.05884     8.50000     4.50000     3.40000
  1206.11768   530.88232     8.50000     4.50000     3.40000
  1216.29419   520.70587     8.50000     4.50000     3.40000
  1226.47058   510.52942     8.50000     4.50000     3.40000
  1236.64709   500.35294     8.50000     4.50000     3.40000
  1246.82349   490.17648     8.50000     4.50000     3.40000
  1257.00000   480.00000     8.50000     4.50000     3.40000
  1257.00000   480.00000     7.50000     3.20000     3.40000
  1267.00000   470.00000     7.50000     3.20000     3.40000
  1277.00000   460.00000     7.50000     3.20000     3.40000
  1287.00000   450.00000     7.50000     3.20000     3.40000
  1297.00000   440.00000     7.50000     3.20000     3.40000
  1307.00000   430.00000     7.50000     3.20000     3.40000
  1317.00000   420.00000     7.50000     3.20000     3.40000
  1327.00000   410.00000     7.50000     3.20000     3.40000
  1337.00000   400.00000     7.50000     3.20000     3.40000
  1347.00000   390.00000     7.50000     3.20000     3.40000
  1357.00000   380.00000     7.50000     3.20000     3.40000
  1367.00000   370.00000     7.50000     3.20000     3.40000
  1377.00000   360.00000     7.50000     3.20000     3.40000
  1387.00000   350.00000     7.50000     3.20000     3.40000
  1397.00000   340.00000     7.50000     3.20000     3.40000
  1407.00000   330.00000     7.50000     3.20000     3.40000
  1407.00000   330.00000     4.10000     0.00000     5.10000
  1417.00000   320.00000     4.10000     0.00000     5.10000
  1427.00000   310.00000     4.10000     0.00000     5.10000
  1437.00000   300.00000     4.10000     0.00000     5.10000
  1447.00000   290.00000     4.10000     0.00000     5.10000
  1457.00000   280.00000     4.10000     0.00000     5.10000
  1467.00000   270.00000     4.10000     0.00000     5.10000
  1477.00000   260.00000     4.10000     0.00000     5.10000
  1487.00000   250.00000     4.10000     0.00000     5.10000
  1497.00000   240.00000     4.10000     0.00000     5.10000
  1497.00000   240.00000     4.30000     2.30000     8.00000
  1507.00000   230.00000     4.30000     2.30000     8.00000
  1517.00000   220.00000     4.30000     2.30000     8.00000
  1527.00000   210.00000     4.30000     2.30000     8.00000
  1537.00000   200.00000     4.30000     2.30000     8.00000
  1547.00000   190.00000     4.30000     2.30000     8.00000
  1557.00000   180.00000     4.30000     2.30000     8.00000
  1567.00000   170.00000     4.30000     2.30000     8.00000
  1577.00000   160.00000     4.30000     2.30000     8.00000
  1587.00000   150.00000     4.30000     2.30000     8.00000
  1597.00000   140.00000     4.30000     2.30000     8.00000
  1607.00000   130.00000     4.30000     2.30000     8.00000
  1617.00000   120.00000     4.30000     2.30000     8.00000
  1627.00000   110.00000     4.30000     2.30000     8.00000
  1637.00000   100.00000     4.30000     2.30000     8.00000
  1647.00000    90.00000     4.30000     2.30000     8.00000
  1657.00000    80.00000     4.30000     2.30000     8.00000
  1667.00000    70.00000     4.30000     2.30000     8.00000
  1677.00000    60.00000     4.30000     2.30000     8.00000
  1687.00000    50.00000     4.30000     2.30000     8.00000
  1697.00000    40.00000     4.30000     2.30000     8.00000
  1707.00000    30.00000     4.30000     2.30000     8.00000
  1717.00000    20.00000     4.30000     2.30000     8.00000
  1727.00000    10.00000     4.30000     2.30000     8.00000
  1737.00000     0.00000     4.30000     2.30000     8.00000
