     0.00000  6371.00000     5.80000     3.20000
    10.00000  6361.00000     5.80000     3.20000
    15.00000  6356.00000     5.80000     3.20000
    15.00000  6356.00000     6.80000     3.90000
    20.00000  6351.00000     6.80000     3.90000
    24.40000  6346.60010     6.80000     3.90000
    24.40000  6346.60010     8.11334     4.49263
    30.00000  6341.00000     8.10716     4.48894
    40.00000  6331.00000     8.10097     4.48526
    50.00000  6321.00000     8.09479     4.48157
    60.00000  6311.00000     8.08861     4.47789
    70.00000  6301.00000     8.08243     4.47420
    80.00000  6291.00000     8.07625     4.47052
    80.00000  6291.00000     8.07625     4.47052
    90.00000  6281.00000     8.07007     4.46683
   100.00000  6271.00000     8.06389     4.46314
   110.00000  6261.00000     8.05770     4.45946
   120.00000  6251.00000     8.05152     4.45577
   130.00000  6241.00000     8.04534     4.45209
   140.00000  6231.00000     8.03916     4.44840
   150.00000  6221.00000     8.03298     4.44472
   160.00000  6211.00000     8.02680     4.44103
   170.00000  6201.00000     8.02062     4.43734
   180.00000  6191.00000     8.01443     4.43366
   190.00000  6181.00000     8.00825     4.42997
   200.00000  6171.00000     8.00207     4.42629
   210.00000  6161.00000     7.99589     4.42260
   220.00000  6151.00000     7.98971     4.41892
   220.00000  6151.00000     8.55895     4.64390
   230.00000  6141.00000     8.57819     4.65090
   240.00000  6131.00000     8.59743     4.65790
   250.00000  6121.00000     8.61666     4.66490
   260.00000  6111.00000     8.63590     4.67190
   270.00000  6101.00000     8.65514     4.67890
   280.00000  6091.00000     8.67438     4.68590
   290.00000  6081.00000     8.69362     4.69290
   300.00000  6071.00000     8.71286     4.69990
   310.00000  6061.00000     8.73210     4.70690
   320.00000  6051.00000     8.75133     4.71390
   330.00000  6041.00000     8.77057     4.72090
   340.00000  6031.00000     8.78981     4.72790
   350.00000  6021.00000     8.80905     4.73490
   360.00000  6011.00000     8.82829     4.74190
   370.00000  6001.00000     8.84753     4.74890
   380.00000  5991.00000     8.86677     4.75590
   390.00000  5981.00000     8.88600     4.76290
   400.00000  5971.00000     8.90524     4.76990
   400.00000  5971.00000     9.13392     4.93249
   410.00000  5961.00000     9.18511     4.96166
   420.00000  5951.00000     9.23631     4.99083
   430.00000  5941.00000     9.28750     5.02000
   440.00000  5931.00000     9.33870     5.04918
   450.00000  5921.00000     9.38989     5.07835
   460.00000  5911.00000     9.44109     5.10752
   470.00000  5901.00000     9.49228     5.13669
   480.00000  5891.00000     9.54348     5.16586
   490.00000  5881.00000     9.59468     5.19504
   500.00000  5871.00000     9.64587     5.22421
   510.00000  5861.00000     9.69707     5.25338
   520.00000  5851.00000     9.74826     5.28255
   530.00000  5841.00000     9.79946     5.31173
   540.00000  5831.00000     9.85065     5.34090
   550.00000  5821.00000     9.90185     5.37007
   560.00000  5811.00000     9.95304     5.39924
   570.00000  5801.00000    10.00424     5.42841
   580.00000  5791.00000    10.05543     5.45759
   590.00000  5781.00000    10.10663     5.48676
   600.00000  5771.00000    10.15783     5.51593
   610.00000  5761.00000    10.17325     5.52376
   620.00000  5751.00000    10.18874     5.53150
   630.00000  5741.00000    10.20422     5.53924
   640.00000  5731.00000    10.21971     5.54699
   650.00000  5721.00000    10.23520     5.55473
   660.00000  5711.00000    10.25069     5.56247
   670.00000  5701.00000    10.26617     5.57021
   670.00000  5701.00000    10.75132     5.94513
   680.00000  5691.00000    10.78246     5.97436
   690.00000  5681.00000    10.81360     6.00360
   700.00000  5671.00000    10.84474     6.03284
   710.00000  5661.00000    10.87586     6.06209
   720.00000  5651.00000    10.90698     6.09134
   730.00000  5641.00000    10.93810     6.12059
   740.00000  5631.00000    10.96921     6.14984
   750.00000  5621.00000    11.00031     6.17909
   760.00000  5611.00000    11.03140     6.20835
   770.00000  5601.00000    11.06249     6.23761
   780.00000  5591.00000    11.08210     6.24687
   790.00000  5581.00000    11.10036     6.25404
   800.00000  5571.00000    11.11852     6.26117
   810.00000  5561.00000    11.13659     6.26827
   820.00000  5551.00000    11.15458     6.27533
   830.00000  5541.00000    11.17247     6.28236
   840.00000  5531.00000    11.19028     6.28936
   850.00000  5521.00000    11.20800     6.29633
   860.00000  5511.00000    11.22563     6.30326
   870.00000  5501.00000    11.24317     6.31016
   880.00000  5491.00000    11.26063     6.31703
   890.00000  5481.00000    11.27800     6.32386
   900.00000  5471.00000    11.29528     6.33066
   910.00000  5461.00000    11.31248     6.33743
   920.00000  5451.00000    11.32960     6.34417
   930.00000  5441.00000    11.34663     6.35088
   940.00000  5431.00000    11.36359     6.35756
   950.00000  5421.00000    11.38046     6.36420
   960.00000  5411.00000    11.39724     6.37082
   970.00000  5401.00000    11.41395     6.37741
   980.00000  5391.00000    11.43058     6.38396
   990.00000  5381.00000    11.44712     6.39048
  1000.00000  5371.00000    11.46359     6.39698
  1010.00000  5361.00000    11.47998     6.40345
  1020.00000  5351.00000    11.49629     6.40988
  1030.00000  5341.00000    11.51253     6.41629
  1040.00000  5331.00000    11.52869     6.42267
  1050.00000  5321.00000    11.54477     6.42901
  1060.00000  5311.00000    11.56078     6.43534
  1070.00000  5301.00000    11.57671     6.44163
  1080.00000  5291.00000    11.59257     6.44789
  1090.00000  5281.00000    11.60836     6.45413
  1100.00000  5271.00000    11.62407     6.46034
  1110.00000  5261.00000    11.63971     6.46652
  1120.00000  5251.00000    11.65528     6.47267
  1130.00000  5241.00000    11.67078     6.47880
  1140.00000  5231.00000    11.68621     6.48490
  1150.00000  5221.00000    11.70156     6.49097
  1160.00000  5211.00000    11.71685     6.49702
  1170.00000  5201.00000    11.73207     6.50304
  1180.00000  5191.00000    11.74723     6.50904
  1190.00000  5181.00000    11.76231     6.51501
  1200.00000  5171.00000    11.77733     6.52095
  1210.00000  5161.00000    11.79229     6.52687
  1220.00000  5151.00000    11.80717     6.53276
  1230.00000  5141.00000    11.82200     6.53863
  1240.00000  5131.00000    11.83676     6.54447
  1250.00000  5121.00000    11.85145     6.55029
  1260.00000  5111.00000    11.86608     6.55609
  1270.00000  5101.00000    11.88065     6.56186
  1280.00000  5091.00000    11.89516     6.56761
  1290.00000  5081.00000    11.90961     6.57333
  1300.00000  5071.00000    11.92400     6.57903
  1310.00000  5061.00000    11.93832     6.58471
  1320.00000  5051.00000    11.95259     6.59036
  1330.00000  5041.00000    11.96680     6.59600
  1340.00000  5031.00000    11.98096     6.60161
  1350.00000  5021.00000    11.99505     6.60719
  1360.00000  5011.00000    12.00909     6.61276
  1370.00000  5001.00000    12.02307     6.61830
  1380.00000  4991.00000    12.03700     6.62382
  1390.00000  4981.00000    12.05087     6.62932
  1400.00000  4971.00000    12.06468     6.63480
  1410.00000  4961.00000    12.07845     6.64026
  1420.00000  4951.00000    12.09216     6.64570
  1430.00000  4941.00000    12.10582     6.65111
  1440.00000  4931.00000    12.11942     6.65651
  1450.00000  4921.00000    12.13298     6.66189
  1460.00000  4911.00000    12.14648     6.66724
  1470.00000  4901.00000    12.15994     6.67258
  1480.00000  4891.00000    12.17334     6.67790
  1490.00000  4881.00000    12.18670     6.68319
  1500.00000  4871.00000    12.20001     6.68847
  1510.00000  4861.00000    12.21327     6.69373
  1520.00000  4851.00000    12.22649     6.69897
  1530.00000  4841.00000    12.23966     6.70420
  1540.00000  4831.00000    12.25278     6.70940
  1550.00000  4821.00000    12.26586     6.71459
  1560.00000  4811.00000    12.27889     6.71976
  1570.00000  4801.00000    12.29188     6.72491
  1580.00000  4791.00000    12.30483     6.73004
  1590.00000  4781.00000    12.31773     6.73516
  1600.00000  4771.00000    12.33060     6.74026
  1610.00000  4761.00000    12.34342     6.74534
  1620.00000  4751.00000    12.35620     6.75041
  1630.00000  4741.00000    12.36894     6.75546
  1640.00000  4731.00000    12.38164     6.76050
  1650.00000  4721.00000    12.39430     6.76551
  1660.00000  4711.00000    12.40693     6.77052
  1670.00000  4701.00000    12.41951     6.77551
  1680.00000  4691.00000    12.43206     6.78048
  1690.00000  4681.00000    12.44458     6.78544
  1700.00000  4671.00000    12.45705     6.79038
  1710.00000  4661.00000    12.46950     6.79531
  1720.00000  4651.00000    12.48191     6.80022
  1730.00000  4641.00000    12.49428     6.80512
  1740.00000  4631.00000    12.50662     6.81001
  1750.00000  4621.00000    12.51893     6.81488
  1760.00000  4611.00000    12.53121     6.81974
  1770.00000  4601.00000    12.54345     6.82458
  1780.00000  4591.00000    12.55567     6.82942
  1790.00000  4581.00000    12.56785     6.83424
  1800.00000  4571.00000    12.58001     6.83904
  1810.00000  4561.00000    12.59213     6.84384
  1820.00000  4551.00000    12.60423     6.84862
  1830.00000  4541.00000    12.61630     6.85339
  1840.00000  4531.00000    12.62835     6.85815
  1850.00000  4521.00000    12.64036     6.86290
  1860.00000  4511.00000    12.65235     6.86764
  1870.00000  4501.00000    12.66432     6.87236
  1880.00000  4491.00000    12.67626     6.87708
  1890.00000  4481.00000    12.68818     6.88178
  1900.00000  4471.00000    12.70007     6.88647
  1910.00000  4461.00000    12.71194     6.89116
  1920.00000  4451.00000    12.72379     6.89583
  1930.00000  4441.00000    12.73562     6.90049
  1940.00000  4431.00000    12.74743     6.90515
  1950.00000  4421.00000    12.75922     6.90979
  1960.00000  4411.00000    12.77098     6.91443
  1970.00000  4401.00000    12.78273     6.91905
  1980.00000  4391.00000    12.79446     6.92367
  1990.00000  4381.00000    12.80617     6.92828
  2000.00000  4371.00000    12.81787     6.93288
  2010.00000  4361.00000    12.82955     6.93747
  2020.00000  4351.00000    12.84121     6.94206
  2030.00000  4341.00000    12.85286     6.94663
  2040.00000  4331.00000    12.86449     6.95120
  2050.00000  4321.00000    12.87611     6.95577
  2060.00000  4311.00000    12.88771     6.96032
  2070.00000  4301.00000    12.89931     6.96487
  2080.00000  4291.00000    12.91089     6.96941
  2090.00000  4281.00000    12.92245     6.97395
  2100.00000  4271.00000    12.93401     6.97848
  2110.00000  4261.00000    12.94556     6.98300
  2120.00000  4251.00000    12.95710     6.98752
  2130.00000  4241.00000    12.96863     6.99203
  2140.00000  4231.00000    12.98015     6.99654
  2150.00000  4221.00000    12.99166     7.00104
  2160.00000  4211.00000    13.00316     7.00554
  2170.00000  4201.00000    13.01466     7.01003
  2180.00000  4191.00000    13.02615     7.01452
  2190.00000  4181.00000    13.03764     7.01900
  2200.00000  4171.00000    13.04912     7.02348
  2210.00000  4161.00000    13.06060     7.02796
  2220.00000  4151.00000    13.07208     7.03243
  2230.00000  4141.00000    13.08355     7.03690
  2240.00000  4131.00000    13.09502     7.04137
  2250.00000  4121.00000    13.10648     7.04583
  2260.00000  4111.00000    13.11795     7.05029
  2270.00000  4101.00000    13.12942     7.05475
  2280.00000  4091.00000    13.14088     7.05921
  2290.00000  4081.00000    13.15235     7.06366
  2300.00000  4071.00000    13.16382     7.06811
  2310.00000  4061.00000    13.17529     7.07256
  2320.00000  4051.00000    13.18676     7.07701
  2330.00000  4041.00000    13.19824     7.08146
  2340.00000  4031.00000    13.20972     7.08591
  2350.00000  4021.00000    13.22120     7.09035
  2360.00000  4011.00000    13.23269     7.09480
  2370.00000  4001.00000    13.24419     7.09925
  2380.00000  3991.00000    13.25569     7.10369
  2390.00000  3981.00000    13.26720     7.10814
  2400.00000  3971.00000    13.27872     7.11258
  2410.00000  3961.00000    13.29024     7.11703
  2420.00000  3951.00000    13.30177     7.12148
  2430.00000  3941.00000    13.31332     7.12592
  2440.00000  3931.00000    13.32487     7.13037
  2450.00000  3921.00000    13.33643     7.13482
  2460.00000  3911.00000    13.34801     7.13928
  2470.00000  3901.00000    13.35960     7.14373
  2480.00000  3891.00000    13.37120     7.14819
  2490.00000  3881.00000    13.38281     7.15264
  2500.00000  3871.00000    13.39443     7.15710
  2510.00000  3861.00000    13.40608     7.16157
  2520.00000  3851.00000    13.41773     7.16603
  2530.00000  3841.00000    13.42940     7.17050
  2540.00000  3831.00000    13.44109     7.17498
  2550.00000  3821.00000    13.45280     7.17945
  2560.00000  3811.00000    13.46452     7.18393
  2570.00000  3801.00000    13.47626     7.18842
  2580.00000  3791.00000    13.48802     7.19291
  2590.00000  3781.00000    13.49979     7.19740
  2600.00000  3771.00000    13.51159     7.20190
  2610.00000  3761.00000    13.52341     7.20640
  2620.00000  3751.00000    13.53525     7.21091
  2630.00000  3741.00000    13.54711     7.21542
  2640.00000  3731.00000    13.55900     7.21994
  2650.00000  3721.00000    13.57090     7.22446
  2660.00000  3711.00000    13.58284     7.22899
  2670.00000  3701.00000    13.59479     7.23353
  2680.00000  3691.00000    13.60677     7.23807
  2690.00000  3681.00000    13.61878     7.24262
  2700.00000  3671.00000    13.63081     7.24717
  2710.00000  3661.00000    13.64287     7.25173
  2720.00000  3651.00000    13.65495     7.25630
  2730.00000  3641.00000    13.66707     7.26088
  2740.00000  3631.00000    13.67921     7.26547
  2750.00000  3621.00000    13.68257     7.26591
  2760.00000  3611.00000    13.68495     7.26583
  2770.00000  3601.00000    13.68733     7.26575
  2780.00000  3591.00000    13.68972     7.26567
  2790.00000  3581.00000    13.69211     7.26559
  2800.00000  3571.00000    13.69451     7.26551
  2810.00000  3561.00000    13.69691     7.26542
  2820.00000  3551.00000    13.69932     7.26534
  2830.00000  3541.00000    13.70174     7.26525
  2840.00000  3531.00000    13.70416     7.26516
  2850.00000  3521.00000    13.70659     7.26506
  2860.00000  3511.00000    13.70903     7.26496
  2870.00000  3501.00000    13.71147     7.26487
  2880.00000  3491.00000    13.71392     7.26476
  2890.00000  3481.00000    13.71638     7.26466
  2891.00000  3480.00000    13.71662     7.26465
  2891.00000  3480.00000     8.06479     0.00000
  2900.00000  3471.00000     8.08021     0.00000
  2910.00000  3461.00000     8.09726     0.00000
  2920.00000  3451.00000     8.11422     0.00000
  2930.00000  3441.00000     8.13110     0.00000
  2940.00000  3431.00000     8.14790     0.00000
  2950.00000  3421.00000     8.16461     0.00000
  2960.00000  3411.00000     8.18123     0.00000
  2970.00000  3401.00000     8.19778     0.00000
  2980.00000  3391.00000     8.21424     0.00000
  2990.00000  3381.00000     8.23061     0.00000
  3000.00000  3371.00000     8.24691     0.00000
  3010.00000  3361.00000     8.26312     0.00000
  3020.00000  3351.00000     8.27925     0.00000
  3030.00000  3341.00000     8.29529     0.00000
  3040.00000  3331.00000     8.31126     0.00000
  3050.00000  3321.00000     8.32714     0.00000
  3060.00000  3311.00000     8.34295     0.00000
  3070.00000  3301.00000     8.35867     0.00000
  3080.00000  3291.00000     8.37431     0.00000
  3090.00000  3281.00000     8.38987     0.00000
  3100.00000  3271.00000     8.40536     0.00000
  3110.00000  3261.00000     8.42076     0.00000
  3120.00000  3251.00000     8.43608     0.00000
  3130.00000  3241.00000     8.45133     0.00000
  3140.00000  3231.00000     8.46650     0.00000
  3150.00000  3221.00000     8.48158     0.00000
  3160.00000  3211.00000     8.49660     0.00000
  3170.00000  3201.00000     8.51153     0.00000
  3180.00000  3191.00000     8.52639     0.00000
  3190.00000  3181.00000     8.54117     0.00000
  3200.00000  3171.00000     8.55587     0.00000
  3210.00000  3161.00000     8.57050     0.00000
  3220.00000  3151.00000     8.58505     0.00000
  3230.00000  3141.00000     8.59952     0.00000
  3240.00000  3131.00000     8.61392     0.00000
  3250.00000  3121.00000     8.62825     0.00000
  3260.00000  3111.00000     8.64250     0.00000
  3270.00000  3101.00000     8.65668     0.00000
  3280.00000  3091.00000     8.67078     0.00000
  3290.00000  3081.00000     8.68481     0.00000
  3300.00000  3071.00000     8.69876     0.00000
  3310.00000  3061.00000     8.71265     0.00000
  3320.00000  3051.00000     8.72646     0.00000
  3330.00000  3041.00000     8.74019     0.00000
  3340.00000  3031.00000     8.75386     0.00000
  3350.00000  3021.00000     8.76745     0.00000
  3360.00000  3011.00000     8.78097     0.00000
  3370.00000  3001.00000     8.79443     0.00000
  3380.00000  2991.00000     8.80781     0.00000
  3390.00000  2981.00000     8.82111     0.00000
  3400.00000  2971.00000     8.83435     0.00000
  3410.00000  2961.00000     8.84752     0.00000
  3420.00000  2951.00000     8.86062     0.00000
  3430.00000  2941.00000     8.87365     0.00000
  3440.00000  2931.00000     8.88661     0.00000
  3450.00000  2921.00000     8.89951     0.00000
  3460.00000  2911.00000     8.91233     0.00000
  3470.00000  2901.00000     8.92509     0.00000
  3480.00000  2891.00000     8.93778     0.00000
  3490.00000  2881.00000     8.95040     0.00000
  3500.00000  2871.00000     8.96295     0.00000
  3510.00000  2861.00000     8.97544     0.00000
  3520.00000  2851.00000     8.98786     0.00000
  3530.00000  2841.00000     9.00022     0.00000
  3540.00000  2831.00000     9.01251     0.00000
  3550.00000  2821.00000     9.02473     0.00000
  3560.00000  2811.00000     9.03689     0.00000
  3570.00000  2801.00000     9.04898     0.00000
  3580.00000  2791.00000     9.06101     0.00000
  3590.00000  2781.00000     9.07298     0.00000
  3600.00000  2771.00000     9.08488     0.00000
  3610.00000  2761.00000     9.09671     0.00000
  3620.00000  2751.00000     9.10849     0.00000
  3630.00000  2741.00000     9.12020     0.00000
  3640.00000  2731.00000     9.13185     0.00000
  3650.00000  2721.00000     9.14343     0.00000
  3660.00000  2711.00000     9.15496     0.00000
  3670.00000  2701.00000     9.16642     0.00000
  3680.00000  2691.00000     9.17782     0.00000
  3690.00000  2681.00000     9.18916     0.00000
  3700.00000  2671.00000     9.20044     0.00000
  3710.00000  2661.00000     9.21166     0.00000
  3720.00000  2651.00000     9.22282     0.00000
  3730.00000  2641.00000     9.23392     0.00000
  3740.00000  2631.00000     9.24495     0.00000
  3750.00000  2621.00000     9.25593     0.00000
  3760.00000  2611.00000     9.26686     0.00000
  3770.00000  2601.00000     9.27772     0.00000
  3780.00000  2591.00000     9.28852     0.00000
  3790.00000  2581.00000     9.29927     0.00000
  3800.00000  2571.00000     9.30996     0.00000
  3810.00000  2561.00000     9.32059     0.00000
  3820.00000  2551.00000     9.33116     0.00000
  3830.00000  2541.00000     9.34168     0.00000
  3840.00000  2531.00000     9.35214     0.00000
  3850.00000  2521.00000     9.36255     0.00000
  3860.00000  2511.00000     9.37290     0.00000
  3870.00000  2501.00000     9.38319     0.00000
  3880.00000  2491.00000     9.39343     0.00000
  3890.00000  2481.00000     9.40361     0.00000
  3900.00000  2471.00000     9.41374     0.00000
  3910.00000  2461.00000     9.42382     0.00000
  3920.00000  2451.00000     9.43384     0.00000
  3930.00000  2441.00000     9.44381     0.00000
  3940.00000  2431.00000     9.45373     0.00000
  3950.00000  2421.00000     9.46359     0.00000
  3960.00000  2411.00000     9.47340     0.00000
  3970.00000  2401.00000     9.48316     0.00000
  3980.00000  2391.00000     9.49286     0.00000
  3990.00000  2381.00000     9.50251     0.00000
  4000.00000  2371.00000     9.51212     0.00000
  4010.00000  2361.00000     9.52167     0.00000
  4020.00000  2351.00000     9.53117     0.00000
  4030.00000  2341.00000     9.54062     0.00000
  4040.00000  2331.00000     9.55002     0.00000
  4050.00000  2321.00000     9.55937     0.00000
  4060.00000  2311.00000     9.56867     0.00000
  4070.00000  2301.00000     9.57792     0.00000
  4080.00000  2291.00000     9.58713     0.00000
  4090.00000  2281.00000     9.59628     0.00000
  4100.00000  2271.00000     9.60539     0.00000
  4110.00000  2261.00000     9.61445     0.00000
  4120.00000  2251.00000     9.62346     0.00000
  4130.00000  2241.00000     9.63242     0.00000
  4140.00000  2231.00000     9.64134     0.00000
  4150.00000  2221.00000     9.65021     0.00000
  4160.00000  2211.00000     9.65903     0.00000
  4170.00000  2201.00000     9.66781     0.00000
  4180.00000  2191.00000     9.67654     0.00000
  4190.00000  2181.00000     9.68523     0.00000
  4200.00000  2171.00000     9.69387     0.00000
  4210.00000  2161.00000     9.70247     0.00000
  4220.00000  2151.00000     9.71102     0.00000
  4230.00000  2141.00000     9.71953     0.00000
  4240.00000  2131.00000     9.72800     0.00000
  4250.00000  2121.00000     9.73642     0.00000
  4260.00000  2111.00000     9.74480     0.00000
  4270.00000  2101.00000     9.75313     0.00000
  4280.00000  2091.00000     9.76143     0.00000
  4290.00000  2081.00000     9.76968     0.00000
  4300.00000  2071.00000     9.77789     0.00000
  4310.00000  2061.00000     9.78606     0.00000
  4320.00000  2051.00000     9.79418     0.00000
  4330.00000  2041.00000     9.80227     0.00000
  4340.00000  2031.00000     9.81031     0.00000
  4350.00000  2021.00000     9.81832     0.00000
  4360.00000  2011.00000     9.82628     0.00000
  4370.00000  2001.00000     9.83421     0.00000
  4380.00000  1991.00000     9.84209     0.00000
  4390.00000  1981.00000     9.84994     0.00000
  4400.00000  1971.00000     9.85775     0.00000
  4410.00000  1961.00000     9.86552     0.00000
  4420.00000  1951.00000     9.87325     0.00000
  4430.00000  1941.00000     9.88094     0.00000
  4440.00000  1931.00000     9.88860     0.00000
  4450.00000  1921.00000     9.89622     0.00000
  4460.00000  1911.00000     9.90380     0.00000
  4470.00000  1901.00000     9.91134     0.00000
  4480.00000  1891.00000     9.91885     0.00000
  4490.00000  1881.00000     9.92633     0.00000
  4500.00000  1871.00000     9.93376     0.00000
  4510.00000  1861.00000     9.94117     0.00000
  4520.00000  1851.00000     9.94853     0.00000
  4530.00000  1841.00000     9.95587     0.00000
  4540.00000  1831.00000     9.96317     0.00000
  4550.00000  1821.00000     9.97043     0.00000
  4560.00000  1811.00000     9.97766     0.00000
  4570.00000  1801.00000     9.98486     0.00000
  4580.00000  1791.00000     9.99202     0.00000
  4590.00000  1781.00000     9.99916     0.00000
  4600.00000  1771.00000    10.00626     0.00000
  4610.00000  1761.00000    10.01332     0.00000
  4620.00000  1751.00000    10.02036     0.00000
  4630.00000  1741.00000    10.02736     0.00000
  4640.00000  1731.00000    10.03434     0.00000
  4650.00000  1721.00000    10.04128     0.00000
  4660.00000  1711.00000    10.04819     0.00000
  4670.00000  1701.00000    10.05507     0.00000
  4680.00000  1691.00000    10.06192     0.00000
  4690.00000  1681.00000    10.06874     0.00000
  4700.00000  1671.00000    10.07554     0.00000
  4710.00000  1661.00000    10.08230     0.00000
  4720.00000  1651.00000    10.08904     0.00000
  4730.00000  1641.00000    10.09574     0.00000
  4740.00000  1631.00000    10.10242     0.00000
  4750.00000  1621.00000    10.10907     0.00000
  4760.00000  1611.00000    10.11569     0.00000
  4770.00000  1601.00000    10.12229     0.00000
  4780.00000  1591.00000    10.12886     0.00000
  4790.00000  1581.00000    10.13540     0.00000
  4800.00000  1571.00000    10.14192     0.00000
  4810.00000  1561.00000    10.14841     0.00000
  4820.00000  1551.00000    10.15488     0.00000
  4830.00000  1541.00000    10.16132     0.00000
  4840.00000  1531.00000    10.16773     0.00000
  4850.00000  1521.00000    10.17412     0.00000
  4860.00000  1511.00000    10.18049     0.00000
  4870.00000  1501.00000    10.18684     0.00000
  4880.00000  1491.00000    10.19315     0.00000
  4890.00000  1481.00000    10.19945     0.00000
  4900.00000  1471.00000    10.20572     0.00000
  4910.00000  1461.00000    10.21197     0.00000
  4920.00000  1451.00000    10.21820     0.00000
  4930.00000  1441.00000    10.22441     0.00000
  4940.00000  1431.00000    10.23059     0.00000
  4950.00000  1421.00000    10.23676     0.00000
  4960.00000  1411.00000    10.24290     0.00000
  4970.00000  1401.00000    10.24902     0.00000
  4980.00000  1391.00000    10.25512     0.00000
  4990.00000  1381.00000    10.26120     0.00000
  5000.00000  1371.00000    10.26726     0.00000
  5010.00000  1361.00000    10.27330     0.00000
  5020.00000  1351.00000    10.27932     0.00000
  5030.00000  1341.00000    10.28533     0.00000
  5040.00000  1331.00000    10.29131     0.00000
  5050.00000  1321.00000    10.29728     0.00000
  5060.00000  1311.00000    10.30323     0.00000
  5070.00000  1301.00000    10.30916     0.00000
  5080.00000  1291.00000    10.31507     0.00000
  5090.00000  1281.00000    10.32097     0.00000
  5100.00000  1271.00000    10.32685     0.00000
  5110.00000  1261.00000    10.33271     0.00000
  5120.00000  1251.00000    10.33856     0.00000
  5130.00000  1241.00000    10.34439     0.00000
  5140.00000  1231.00000    10.35020     0.00000
  5149.50000  1221.50000    10.35572     0.00000
  5149.50000  1221.50000    11.02826     3.50431
  5150.00000  1221.00000    11.02845     3.50445
  5160.00000  1211.00000    11.03227     3.50711
  5170.00000  1201.00000    11.03605     3.50975
  5180.00000  1191.00000    11.03980     3.51237
  5190.00000  1181.00000    11.04352     3.51497
  5200.00000  1171.00000    11.04720     3.51755
  5210.00000  1161.00000    11.05086     3.52011
  5220.00000  1151.00000    11.05449     3.52264
  5230.00000  1141.00000    11.05808     3.52515
  5240.00000  1131.00000    11.06164     3.52764
  5250.00000  1121.00000    11.06517     3.53011
  5260.00000  1111.00000    11.06867     3.53255
  5270.00000  1101.00000    11.07214     3.53498
  5280.00000  1091.00000    11.07558     3.53738
  5290.00000  1081.00000    11.07898     3.53976
  5300.00000  1071.00000    11.08236     3.54212
  5310.00000  1061.00000    11.08570     3.54445
  5320.00000  1051.00000    11.08901     3.54677
  5330.00000  1041.00000    11.09229     3.54906
  5340.00000  1031.00000    11.09554     3.55133
  5350.00000  1021.00000    11.09876     3.55358
  5360.00000  1011.00000    11.10194     3.55580
  5370.00000  1001.00000    11.10510     3.55801
  5380.00000   991.00000    11.10822     3.56019
  5390.00000   981.00000    11.11131     3.56235
  5400.00000   971.00000    11.11437     3.56449
  5410.00000   961.00000    11.11740     3.56661
  5420.00000   951.00000    11.12040     3.56870
  5430.00000   941.00000    11.12337     3.57078
  5440.00000   931.00000    11.12630     3.57283
  5450.00000   921.00000    11.12921     3.57486
  5460.00000   911.00000    11.13208     3.57686
  5470.00000   901.00000    11.13492     3.57885
  5480.00000   891.00000    11.13773     3.58081
  5490.00000   881.00000    11.14051     3.58275
  5500.00000   871.00000    11.14325     3.58467
  5510.00000   861.00000    11.14597     3.58657
  5520.00000   851.00000    11.14865     3.58845
  5530.00000   841.00000    11.15131     3.59030
  5540.00000   831.00000    11.15393     3.59213
  5550.00000   821.00000    11.15652     3.59394
  5560.00000   811.00000    11.15908     3.59573
  5570.00000   801.00000    11.16160     3.59750
  5580.00000   791.00000    11.16410     3.59924
  5590.00000   781.00000    11.16656     3.60097
  5600.00000   771.00000    11.16900     3.60267
  5610.00000   761.00000    11.17140     3.60434
  5620.00000   751.00000    11.17377     3.60600
  5630.00000   741.00000    11.17611     3.60764
  5640.00000   731.00000    11.17842     3.60925
  5650.00000   721.00000    11.18069     3.61084
  5660.00000   711.00000    11.18294     3.61241
  5670.00000   701.00000    11.18515     3.61396
  5680.00000   691.00000    11.18734     3.61548
  5690.00000   681.00000    11.18949     3.61698
  5700.00000   671.00000    11.19161     3.61847
  5710.00000   661.00000    11.19370     3.61993
  5720.00000   651.00000    11.19575     3.62136
  5730.00000   641.00000    11.19778     3.62278
  5740.00000   631.00000    11.19977     3.62417
  5750.00000   621.00000    11.20174     3.62554
  5760.00000   611.00000    11.20367     3.62689
  5770.00000   601.00000    11.20557     3.62822
  5780.00000   591.00000    11.20744     3.62953
  5790.00000   581.00000    11.20927     3.63081
  5800.00000   571.00000    11.21108     3.63207
  5810.00000   561.00000    11.21286     3.63332
  5820.00000   551.00000    11.21460     3.63453
  5830.00000   541.00000    11.21631     3.63573
  5840.00000   531.00000    11.21799     3.63690
  5850.00000   521.00000    11.21964     3.63806
  5860.00000   511.00000    11.22126     3.63919
  5870.00000   501.00000    11.22285     3.64030
  5880.00000   491.00000    11.22440     3.64138
  5890.00000   481.00000    11.22593     3.64245
  5900.00000   471.00000    11.22742     3.64349
  5910.00000   461.00000    11.22888     3.64451
  5920.00000   451.00000    11.23031     3.64551
  5930.00000   441.00000    11.23171     3.64649
  5940.00000   431.00000    11.23308     3.64745
  5950.00000   421.00000    11.23441     3.64838
  5960.00000   411.00000    11.23571     3.64929
  5970.00000   401.00000    11.23699     3.65018
  5980.00000   391.00000    11.23823     3.65105
  5990.00000   381.00000    11.23944     3.65189
  6000.00000   371.00000    11.24062     3.65272
  6010.00000   361.00000    11.24177     3.65352
  6020.00000   351.00000    11.24288     3.65430
  6030.00000   341.00000    11.24397     3.65506
  6040.00000   331.00000    11.24502     3.65580
  6050.00000   321.00000    11.24604     3.65651
  6060.00000   311.00000    11.24704     3.65720
  6070.00000   301.00000    11.24799     3.65787
  6080.00000   291.00000    11.24892     3.65852
  6090.00000   281.00000    11.24982     3.65915
  6100.00000   271.00000    11.25069     3.65975
  6110.00000   261.00000    11.25152     3.66034
  6120.00000   251.00000    11.25232     3.66090
  6130.00000   241.00000    11.25309     3.66144
  6140.00000   231.00000    11.25383     3.66195
  6150.00000   221.00000    11.25454     3.66245
  6160.00000   211.00000    11.25522     3.66292
  6170.00000   201.00000    11.25587     3.66337
  6180.00000   191.00000    11.25648     3.66380
  6190.00000   181.00000    11.25706     3.66421
  6200.00000   171.00000    11.25762     3.66460
  6210.00000   161.00000    11.25814     3.66496
  6220.00000   151.00000    11.25863     3.66530
  6230.00000   141.00000    11.25908     3.66562
  6240.00000   131.00000    11.25951     3.66592
  6250.00000   121.00000    11.25990     3.66620
  6260.00000   111.00000    11.26027     3.66645
  6270.00000   101.00000    11.26060     3.66668
  6280.00000    91.00000    11.26090     3.66689
  6290.00000    81.00000    11.26117     3.66708
  6300.00000    71.00000    11.26141     3.66725
  6310.00000    61.00000    11.26162     3.66739
  6320.00000    51.00000    11.26179     3.66752
  6330.00000    41.00000    11.26194     3.66762
  6340.00000    31.00000    11.26205     3.66769
  6350.00000    21.00000    11.26213     3.66775
  6360.00000    11.00000    11.26218     3.66779
  6370.00000     1.00000    11.26220     3.66780
  6371.00000     0.00000    11.26220     3.66780
