     0.00000  1737.00000     5.80000     3.20000     2.60000
    21.76599  1715.23401     5.80000     3.20000     2.60000
    36.27665  1700.72335     5.80000     3.20000     2.60000
    36.27665  1700.72335     6.80000     3.90000     2.90000
    47.60948  1689.39052     6.80000     3.90000     2.90000
    58.93988  1678.06012     6.80000     3.90000     2.90000
    58.93988  1678.06012     8.11064     4.49102     3.38076
   103.78508  1633.21492     8.09917     4.48418     3.37874
   148.63027  1588.36973     8.08771     4.47735     3.37673
   193.47547  1543.52453     8.07625     4.47052     3.37471
   193.47547  1543.52453     8.07625     4.47052     3.37471
   249.90743  1487.09257     8.06182     4.46192     3.37218
   306.33455  1430.66545     8.04740     4.45332     3.36964
   362.76651  1374.23349     8.03298     4.44472     3.36710
   419.19846  1317.80154     8.01855     4.43612     3.36457
   475.62559  1261.37441     8.00413     4.42752     3.36203
   532.05754  1204.94246     7.98971     4.41892     3.35950
   532.05754  1204.94246     8.55895     4.64390     3.43577
   586.47252  1150.52748     8.60223     4.65965     3.44921
   640.88750  1096.11250     8.64552     4.67540     3.46264
   695.30247  1041.69753     8.68881     4.69115     3.47608
   749.71745   987.28255     8.73209     4.70690     3.48951
   804.13242   932.86758     8.77538     4.72265     3.50295
   858.54740   878.45260     8.81867     4.73840     3.51639
   912.96238   824.03762     8.86195     4.75415     3.52982
   967.37735   769.62265     8.90524     4.76990     3.54326
   967.37735   769.62265     9.13392     4.93256     3.72376
  1027.83844   709.16156     9.26191     5.00549     3.75527
  1088.29952   648.70048     9.38990     5.07842     3.78678
  1148.76061   588.23939     9.51789     5.15135     3.81829
  1209.22169   527.77831     9.64588     5.22428     3.84980
  1269.68277   467.31723     9.77387     5.29721     3.88131
  1330.14386   406.85614     9.90185     5.37014     3.91282
  1390.60494   346.39506    10.02984     5.44307     3.94433
  1451.06603   285.93397    10.15783     5.51600     3.97584
  1451.06603   285.93397    10.15782     5.51601     3.97584
  1507.49794   229.50206    10.19396     5.53408     3.98127
  1563.92516   173.07484    10.23010     5.55214     3.98670
  1620.35706   116.64294    10.26624     5.57021     3.99214
  1620.35706   116.64294    10.75128     5.94505     4.38070
  1681.42276    55.57724    10.82991     6.01888     4.39644
  1737.00000     0.00000    10.90850     6.09272     4.41210
