     0.00000  6371.00000     5.80000     3.46000     3.64100     950.00
    10.00000  6361.00000     5.80000     3.46000     3.61055     950.00
    20.00000  6351.00000     5.80000     3.46000     3.58010     950.00
    20.00000  6351.00000     6.50000     3.85000     3.58010     950.00
    35.00000  6336.00000     6.50000     3.85000     3.58010     950.00
    35.00000  6336.00000     8.04000     4.48000     3.58010     950.00
    45.62500  6325.37500     8.04125     4.48250     3.56058     950.00
    56.25000  6314.75000     8.04250     4.48500     3.54105     950.00
    66.87500  6304.12500     8.04375     4.48750     3.52153     950.00
    77.50000  6293.50000     8.04500     4.49000     3.50200     950.00
    18.00000  6353.00000     8.03550     4.48390     3.64100     950.00
    30.50000  6340.50000     8.03670     4.48475     3.61055     961.50
    43.00000  6328.00000     8.03790     4.48560     3.58010     973.00
    55.33333  6315.66650     8.03860     4.48373     3.55407     985.00
    67.66666  6303.33350     8.03930     4.48187     3.52803     997.00
    80.00000  6291.00000     8.04000     4.48000     3.50200    1009.00
    80.00000  6291.00000     8.04500     4.49000     3.50200     182.00
    90.00000  6281.00000     8.04638     4.49250     3.48320     182.25
   100.00000  6271.00000     8.04775     4.49500     3.46440     182.50
   110.00000  6261.00000     8.04912     4.49750     3.44560     182.75
   120.00000  6251.00000     8.05050     4.50000     3.42680     183.00
   120.00000  6251.00000     8.05050     4.50000     3.42680     183.00
   131.25000  6239.75000     8.08162     4.50225     3.41287     184.50
   142.50000  6228.50000     8.11275     4.50450     3.39895     186.00
   153.75000  6217.25000     8.14388     4.50675     3.38503     187.50
   165.00000  6206.00000     8.17500     4.50900     3.37110     189.00
   176.25000  6194.75000     8.20642     4.51135     3.35940     192.00
   187.50000  6183.50000     8.23785     4.51370     3.34770     195.00
   198.75000  6172.25000     8.26928     4.51605     3.33600     198.00
   210.00000  6161.00000     8.30070     4.51840     3.32430     201.00
   210.00000  6161.00000     8.30070     4.51840     3.32430     338.00
   220.00000  6151.00000     8.33700     4.53660     3.33270     339.60
   230.00000  6141.00000     8.37330     4.55480     3.34110     341.20
   240.00000  6131.00000     8.40960     4.57300     3.34950     342.80
   250.00000  6121.00000     8.44590     4.59120     3.35790     344.40
   260.00000  6111.00000     8.48220     4.60940     3.36630     346.00
   270.00000  6101.00000     8.51876     4.62680     3.37524     348.00
   280.00000  6091.00000     8.55532     4.64420     3.38418     350.00
   290.00000  6081.00000     8.59188     4.66160     3.39312     352.00
   300.00000  6071.00000     8.62844     4.67900     3.40206     354.00
   310.00000  6061.00000     8.66500     4.69640     3.41100     356.00
   320.00000  6051.00000     8.70152     4.71376     3.42034     358.00
   330.00000  6041.00000     8.73804     4.73112     3.42968     360.00
   340.00000  6031.00000     8.77456     4.74848     3.43902     362.00
   350.00000  6021.00000     8.81108     4.76584     3.44836     364.00
   360.00000  6011.00000     8.84760     4.78320     3.45770     366.00
   370.00000  6001.00000     8.88412     4.80060     3.46752     368.40
   380.00000  5991.00000     8.92064     4.81800     3.47734     370.80
   390.00000  5981.00000     8.95716     4.83540     3.48716     373.20
   400.00000  5971.00000     8.99368     4.85280     3.49698     375.60
   410.00000  5961.00000     9.03020     4.87020     3.50680     378.00
   410.00000  5961.00000     9.36010     5.08060     3.93170     414.00
   420.00000  5951.00000     9.39368     5.10176     3.93082     414.60
   430.00000  5941.00000     9.42726     5.12292     3.92994     415.20
   440.00000  5931.00000     9.46084     5.14408     3.92906     415.80
   450.00000  5921.00000     9.49442     5.16524     3.92818     416.40
   460.00000  5911.00000     9.52800     5.18640     3.92730     417.00
   470.00000  5901.00000     9.56164     5.20756     3.92650     417.60
   480.00000  5891.00000     9.59528     5.22872     3.92570     418.20
   490.00000  5881.00000     9.62892     5.24988     3.92490     418.80
   500.00000  5871.00000     9.66256     5.27104     3.92410     419.40
   510.00000  5861.00000     9.69620     5.29220     3.92330     420.00
   520.00000  5851.00000     9.72976     5.31354     3.92300     420.60
   530.00000  5841.00000     9.76332     5.33488     3.92270     421.20
   540.00000  5831.00000     9.79688     5.35622     3.92240     421.80
   550.00000  5821.00000     9.83044     5.37756     3.92210     422.40
   560.00000  5811.00000     9.86400     5.39890     3.92180     423.00
   570.00000  5801.00000     9.89760     5.42006     3.92156     423.60
   580.00000  5791.00000     9.93120     5.44122     3.92132     424.20
   590.00000  5781.00000     9.96480     5.46238     3.92108     424.80
   600.00000  5771.00000     9.99840     5.48354     3.92084     425.40
   610.00000  5761.00000    10.03200     5.50470     3.92060     426.00
   620.00000  5751.00000    10.06560     5.52584     3.92050     426.60
   630.00000  5741.00000    10.09920     5.54698     3.92040     427.20
   640.00000  5731.00000    10.13280     5.56812     3.92030     427.80
   650.00000  5721.00000    10.16640     5.58926     3.92020     428.40
   660.00000  5711.00000    10.20000     5.61040     3.92010     429.00
   660.00000  5711.00000    10.79090     5.96070     4.23870    1351.00
   670.00000  5701.00000    10.81716     5.98652     4.25068    1343.00
   680.00000  5691.00000    10.84342     6.01234     4.26266    1335.00
   690.00000  5681.00000    10.86968     6.03816     4.27464    1327.00
   700.00000  5671.00000    10.89594     6.06398     4.28662    1319.00
   710.00000  5661.00000    10.92220     6.08980     4.29860    1311.00
   720.00000  5651.00000    10.94882     6.11384     4.31018    1304.40
   730.00000  5641.00000    10.97544     6.13788     4.32176    1297.80
   740.00000  5631.00000    11.00206     6.16192     4.33334    1291.20
   750.00000  5621.00000    11.02868     6.18596     4.34492    1284.60
   760.00000  5611.00000    11.05530     6.21000     4.35650    1278.00
   772.37500  5598.62500    11.07535     6.21810     4.37033    1275.75
   784.75000  5586.25000    11.09540     6.22620     4.38415    1273.50
   797.12500  5573.87500    11.11545     6.23430     4.39797    1271.25
   809.50000  5561.50000    11.13550     6.24240     4.41180    1269.00
   821.87500  5549.12500    11.15732     6.25178     4.42510    1267.00
   834.25000  5536.75000    11.17915     6.26115     4.43840    1265.00
   846.62500  5524.37500    11.20098     6.27052     4.45170    1263.00
   859.00000  5512.00000    11.22280     6.27990     4.46500    1261.00
   871.37500  5499.62500    11.24380     6.28903     4.47780    1258.75
   883.75000  5487.25000    11.26480     6.29815     4.49060    1256.50
   896.12500  5474.87500    11.28580     6.30727     4.50340    1254.25
   908.50000  5462.50000    11.30680     6.31640     4.51620    1252.00
   920.87500  5450.12500    11.32753     6.32527     4.52850    1249.75
   933.25000  5437.75000    11.34825     6.33415     4.54080    1247.50
   945.62500  5425.37500    11.36897     6.34303     4.55310    1245.25
   958.00000  5413.00000    11.38970     6.35190     4.56540    1243.00
   970.37500  5400.62500    11.40987     6.36042     4.57220    1241.00
   982.75000  5388.25000    11.43005     6.36895     4.57900    1239.00
   995.12500  5375.87500    11.45022     6.37748     4.58580    1237.00
  1007.50000  5363.50000    11.47040     6.38600     4.59260    1235.00
  1019.87500  5351.12500    11.49012     6.39405     4.59940    1233.00
  1032.25000  5338.75000    11.50985     6.40210     4.60620    1231.00
  1044.62500  5326.37500    11.52958     6.41015     4.61300    1229.00
  1057.00000  5314.00000    11.54930     6.41820     4.61980    1227.00
  1069.37500  5301.62500    11.56860     6.42650     4.62652    1224.75
  1081.75000  5289.25000    11.58790     6.43480     4.63325    1222.50
  1094.12500  5276.87500    11.60720     6.44310     4.63998    1220.25
  1106.50000  5264.50000    11.62650     6.45140     4.64670    1218.00
  1118.87500  5252.12500    11.64538     6.45910     4.65340    1216.00
  1131.25000  5239.75000    11.66425     6.46680     4.66010    1214.00
  1143.62500  5227.37500    11.68312     6.47450     4.66680    1212.00
  1156.00000  5215.00000    11.70200     6.48220     4.67350    1210.00
  1168.37500  5202.62500    11.72070     6.48993     4.68015    1208.00
  1180.75000  5190.25000    11.73940     6.49765     4.68680    1206.00
  1193.12500  5177.87500    11.75810     6.50537     4.69345    1204.00
  1205.50000  5165.50000    11.77680     6.51310     4.70010    1202.00
  1217.87500  5153.12500    11.79488     6.52060     4.70673    1200.00
  1230.25000  5140.75000    11.81295     6.52810     4.71335    1198.00
  1242.62500  5128.37500    11.83103     6.53560     4.71997    1196.00
  1255.00000  5116.00000    11.84910     6.54310     4.72660    1194.00
  1267.37500  5103.62500    11.86703     6.55052     4.73315    1192.00
  1279.75000  5091.25000    11.88495     6.55795     4.73970    1190.00
  1292.12500  5078.87500    11.90287     6.56538     4.74625    1188.00
  1304.50000  5066.50000    11.92080     6.57280     4.75280    1186.00
  1316.87500  5054.12500    11.93788     6.57983     4.75935    1184.00
  1329.25000  5041.75000    11.95495     6.58685     4.76590    1182.00
  1341.62500  5029.37500    11.97202     6.59387     4.77245    1180.00
  1354.00000  5017.00000    11.98910     6.60090     4.77900    1178.00
  1366.37500  5004.62500    12.00610     6.60780     4.78550    1176.25
  1378.75000  4992.25000    12.02310     6.61470     4.79200    1174.50
  1391.12500  4979.87500    12.04010     6.62160     4.79850    1172.75
  1403.50000  4967.50000    12.05710     6.62850     4.80500    1171.00
  1415.87500  4955.12500    12.07400     6.63522     4.81142    1169.00
  1428.25000  4942.75000    12.09090     6.64195     4.81785    1167.00
  1440.62500  4930.37500    12.10780     6.64867     4.82428    1165.00
  1453.00000  4918.00000    12.12470     6.65540     4.83070    1163.00
  1465.37500  4905.62500    12.14132     6.66187     4.83708    1161.25
  1477.75000  4893.25000    12.15795     6.66835     4.84345    1159.50
  1490.12500  4880.87500    12.17457     6.67483     4.84982    1157.75
  1502.50000  4868.50000    12.19120     6.68130     4.85620    1156.00
  1514.87500  4856.12500    12.20735     6.68773     4.86258    1154.25
  1527.25000  4843.75000    12.22350     6.69415     4.86895    1152.50
  1539.62500  4831.37500    12.23965     6.70057     4.87533    1150.75
  1552.00000  4819.00000    12.25580     6.70700     4.88170    1149.00
  1564.37500  4806.62500    12.27138     6.71332     4.88800    1147.00
  1576.75000  4794.25000    12.28695     6.71965     4.89430    1145.00
  1589.12500  4781.87500    12.30252     6.72598     4.90060    1143.00
  1601.50000  4769.50000    12.31810     6.73230     4.90690    1141.00
  1613.87500  4757.12500    12.33390     6.73870     4.91320    1139.25
  1626.25000  4744.75000    12.34970     6.74510     4.91950    1137.50
  1638.62500  4732.37500    12.36550     6.75150     4.92580    1135.75
  1651.00000  4720.00000    12.38130     6.75790     4.93210    1134.00
  1663.37500  4707.62500    12.39665     6.76393     4.93832    1132.25
  1675.75000  4695.25000    12.41200     6.76995     4.94455    1130.50
  1688.12500  4682.87500    12.42735     6.77598     4.95077    1128.75
  1700.50000  4670.50000    12.44270     6.78200     4.95700    1127.00
  1712.87500  4658.12500    12.45778     6.78790     4.96317    1125.25
  1725.25000  4645.75000    12.47285     6.79380     4.96935    1123.50
  1737.62500  4633.37500    12.48793     6.79970     4.97552    1121.75
  1750.00000  4621.00000    12.50300     6.80560     4.98170    1120.00
  1762.37500  4608.62500    12.51820     6.81143     4.98782    1117.25
  1774.75000  4596.25000    12.53340     6.81725     4.99395    1114.50
  1787.12500  4583.87500    12.54860     6.82307     5.00007    1111.75
  1799.50000  4571.50000    12.56380     6.82890     5.00620    1109.00
  1811.87500  4559.12500    12.57850     6.83460     5.01230    1106.00
  1824.25000  4546.75000    12.59320     6.84030     5.01840    1103.00
  1836.62500  4534.37500    12.60790     6.84600     5.02450    1100.00
  1849.00000  4522.00000    12.62260     6.85170     5.03060    1097.00
  1861.37500  4509.62500    12.63713     6.85735     5.03665    1094.25
  1873.75000  4497.25000    12.65165     6.86300     5.04270    1091.50
  1886.12500  4484.87500    12.66617     6.86865     5.04875    1088.75
  1898.50000  4472.50000    12.68070     6.87430     5.05480    1086.00
  1910.87500  4460.12500    12.69513     6.88002     5.06082    1082.00
  1923.25000  4447.75000    12.70955     6.88575     5.06685    1078.00
  1935.62500  4435.37500    12.72398     6.89148     5.07288    1074.00
  1948.00000  4423.00000    12.73840     6.89720     5.07890    1070.00
  1960.37500  4410.62500    12.75270     6.90275     5.08485    1068.50
  1972.75000  4398.25000    12.76700     6.90830     5.09080    1067.00
  1985.12500  4385.87500    12.78130     6.91385     5.09675    1065.50
  1997.50000  4373.50000    12.79560     6.91940     5.10270    1064.00
  2009.87500  4361.12500    12.80980     6.92495     5.10863    1062.50
  2022.25000  4348.75000    12.82400     6.93050     5.11455    1061.00
  2034.62500  4336.37500    12.83820     6.93605     5.12047    1059.50
  2047.00000  4324.00000    12.85240     6.94160     5.12640    1058.00
  2059.37500  4311.62500    12.86662     6.94683     5.13228    1055.50
  2071.75000  4299.25000    12.88085     6.95205     5.13815    1053.00
  2084.12500  4286.87500    12.89507     6.95727     5.14402    1050.50
  2096.50000  4274.50000    12.90930     6.96250     5.14990    1048.00
  2108.87500  4262.12500    12.92355     6.96817     5.15573    1046.50
  2121.25000  4249.75000    12.93780     6.97385     5.16155    1045.00
  2133.62500  4237.37500    12.95205     6.97953     5.16738    1043.50
  2146.00000  4225.00000    12.96630     6.98520     5.17320    1042.00
  2158.37500  4212.62500    12.98038     6.99062     5.17898    1039.50
  2170.75000  4200.25000    12.99445     6.99605     5.18475    1037.00
  2183.12500  4187.87500    13.00852     7.00147     5.19053    1034.50
  2195.50000  4175.50000    13.02260     7.00690     5.19630    1032.00
  2207.87500  4163.12500    13.03660     7.01232     5.20202    1028.50
  2220.25000  4150.75000    13.05060     7.01775     5.20775    1025.00
  2232.62500  4138.37500    13.06460     7.02318     5.21348    1021.50
  2245.00000  4126.00000    13.07860     7.02860     5.21920    1018.00
  2257.37500  4113.62500    13.09237     7.03405     5.22490    1015.75
  2269.75000  4101.25000    13.10615     7.03950     5.23060    1013.50
  2282.12500  4088.87500    13.11993     7.04495     5.23630    1011.25
  2294.50000  4076.50000    13.13370     7.05040     5.24200    1009.00
  2306.87500  4064.12500    13.14765     7.05585     5.24765    1006.50
  2319.25000  4051.75000    13.16160     7.06130     5.25330    1004.00
  2331.62500  4039.37500    13.17555     7.06675     5.25895    1001.50
  2344.00000  4027.00000    13.18950     7.07220     5.26460     999.00
  2356.37500  4014.62500    13.20375     7.07745     5.27020     997.00
  2368.75000  4002.25000    13.21800     7.08270     5.27580     995.00
  2381.12500  3989.87500    13.23225     7.08795     5.28140     993.00
  2393.50000  3977.50000    13.24650     7.09320     5.28700     991.00
  2405.87500  3965.12500    13.26030     7.09850     5.29255     989.75
  2418.25000  3952.75000    13.27410     7.10380     5.29810     988.50
  2430.62500  3940.37500    13.28790     7.10910     5.30365     987.25
  2443.00000  3928.00000    13.30170     7.11440     5.30920     986.00
  2455.37500  3915.62500    13.31588     7.12000     5.31472     983.75
  2467.75000  3903.25000    13.33005     7.12560     5.32025     981.50
  2480.12500  3890.87500    13.34422     7.13120     5.32577     979.25
  2492.50000  3878.50000    13.35840     7.13680     5.33130     977.00
  2504.87500  3866.12500    13.37270     7.14220     5.33675     974.75
  2517.25000  3853.75000    13.38700     7.14760     5.34220     972.50
  2529.62500  3841.37500    13.40130     7.15300     5.34765     970.25
  2542.00000  3829.00000    13.41560     7.15840     5.35310     968.00
  2554.37500  3816.62500    13.43023     7.16390     5.35852     966.00
  2566.75000  3804.25000    13.44485     7.16940     5.36395     964.00
  2579.12500  3791.87500    13.45947     7.17490     5.36938     962.00
  2591.50000  3779.50000    13.47410     7.18040     5.37480     960.00
  2603.62500  3767.37500    13.48835     7.18608     5.38015     958.00
  2615.75000  3755.25000    13.50260     7.19175     5.38550     956.00
  2627.87500  3743.12500    13.51685     7.19742     5.39085     954.00
  2640.00000  3731.00000    13.53110     7.20310     5.39620     952.00
  2650.00000  3721.00000    13.54286     7.20754     5.40048     949.80
  2660.00000  3711.00000    13.55462     7.21198     5.40476     947.60
  2670.00000  3701.00000    13.56638     7.21642     5.40904     945.40
  2680.00000  3691.00000    13.57814     7.22086     5.41332     943.20
  2690.00000  3681.00000    13.58990     7.22530     5.41760     941.00
  2700.00000  3671.00000    13.60188     7.22994     5.42182     939.40
  2710.00000  3661.00000    13.61386     7.23458     5.42604     937.80
  2720.00000  3651.00000    13.62584     7.23922     5.43026     936.20
  2730.00000  3641.00000    13.63782     7.24386     5.43448     934.60
  2740.00000  3631.00000    13.64980     7.24850     5.43870     933.00
  2740.00000  3631.00000    13.64980     7.24850     5.69340     723.00
  2752.41748  3618.58252    13.65067     7.25120     5.69995     724.00
  2764.83496  3606.16504    13.65155     7.25390     5.70650     725.00
  2777.25244  3593.74756    13.65243     7.25660     5.71305     726.00
  2789.66992  3581.33008    13.65330     7.25930     5.71960     727.00
  2802.08496  3568.91504    13.65423     7.26198     5.72615     726.50
  2814.50000  3556.50000    13.65515     7.26465     5.73270     726.00
  2826.91504  3544.08496    13.65607     7.26732     5.73925     725.50
  2839.33008  3531.66992    13.65700     7.27000     5.74580     725.00
  2849.76416  3521.23584    13.65762     7.27234     5.75106     724.60
  2860.19800  3510.80200    13.65824     7.27468     5.75632     724.20
  2870.63208  3500.36792    13.65886     7.27702     5.76158     723.80
  2881.06592  3489.93408    13.65948     7.27936     5.76684     723.40
  2891.50000  3479.50000    13.66010     7.28170     5.77210     723.00
  2891.50000  3479.50000     8.00000     0.00000     9.91450   57822.00
  2903.45752  3467.54248     8.00955     0.00000     9.93443   57822.00
  2915.41504  3455.58496     8.01910     0.00000     9.95435   57822.00
  2927.37256  3443.62744     8.02865     0.00000     9.97427   57822.00
  2939.33008  3431.66992     8.03820     0.00000     9.99420   57822.00
  2949.39600  3421.60400     8.05622     0.00000    10.00980   57822.00
  2959.46191  3411.53809     8.07424     0.00000    10.02540   57822.00
  2969.52808  3401.47192     8.09226     0.00000    10.04100   57822.00
  2979.59399  3391.40601     8.11028     0.00000    10.05660   57822.00
  2989.65991  3381.34009     8.12830     0.00000    10.07220   57822.00
  2999.72583  3371.27417     8.14690     0.00000    10.08746   57822.00
  3009.79199  3361.20801     8.16550     0.00000    10.10272   57822.00
  3019.85791  3351.14209     8.18410     0.00000    10.11798   57822.00
  3029.92407  3341.07593     8.20270     0.00000    10.13324   57822.00
  3039.98999  3331.01001     8.22130     0.00000    10.14850   57822.00
  3050.05591  3320.94409     8.23948     0.00000    10.16346   57822.00
  3060.12207  3310.87793     8.25766     0.00000    10.17842   57822.00
  3070.18799  3300.81201     8.27584     0.00000    10.19338   57822.00
  3080.25415  3290.74585     8.29402     0.00000    10.20834   57822.00
  3090.32007  3280.67993     8.31220     0.00000    10.22330   57822.00
  3100.38794  3270.61206     8.32978     0.00000    10.23792   57822.00
  3110.45605  3260.54395     8.34736     0.00000    10.25254   57822.00
  3120.52393  3250.47607     8.36494     0.00000    10.26716   57822.00
  3130.59204  3240.40796     8.38252     0.00000    10.28178   57822.00
  3140.65991  3230.34009     8.40010     0.00000    10.29640   57822.00
  3150.72583  3220.27417     8.41730     0.00000    10.31070   57822.00
  3160.79199  3210.20801     8.43450     0.00000    10.32500   57822.00
  3170.85791  3200.14209     8.45170     0.00000    10.33930   57822.00
  3180.92407  3190.07593     8.46890     0.00000    10.35360   57822.00
  3190.98999  3180.01001     8.48610     0.00000    10.36790   57822.00
  3201.05591  3169.94409     8.50272     0.00000    10.38188   57822.00
  3211.12207  3159.87793     8.51934     0.00000    10.39586   57822.00
  3221.18799  3149.81201     8.53596     0.00000    10.40984   57822.00
  3231.25415  3139.74585     8.55258     0.00000    10.42382   57822.00
  3241.32007  3129.67993     8.56920     0.00000    10.43780   57822.00
  3251.38599  3119.61401     8.58528     0.00000    10.45148   57822.00
  3261.45190  3109.54810     8.60136     0.00000    10.46516   57822.00
  3271.51807  3099.48193     8.61744     0.00000    10.47884   57822.00
  3281.58398  3089.41602     8.63352     0.00000    10.49252   57822.00
  3291.64990  3079.35010     8.64960     0.00000    10.50620   57822.00
  3301.71582  3069.28418     8.66534     0.00000    10.51958   57822.00
  3311.78198  3059.21802     8.68108     0.00000    10.53296   57822.00
  3321.84790  3049.15210     8.69682     0.00000    10.54634   57822.00
  3331.91406  3039.08594     8.71256     0.00000    10.55972   57822.00
  3341.97998  3029.02002     8.72830     0.00000    10.57310   57822.00
  3352.04590  3018.95410     8.74336     0.00000    10.58618   57822.00
  3362.11206  3008.88794     8.75842     0.00000    10.59926   57822.00
  3372.17798  2998.82202     8.77348     0.00000    10.61234   57822.00
  3382.24414  2988.75586     8.78854     0.00000    10.62542   57822.00
  3392.31006  2978.68994     8.80360     0.00000    10.63850   57822.00
  3402.37598  2968.62402     8.81810     0.00000    10.65126   57822.00
  3412.44189  2958.55811     8.83260     0.00000    10.66402   57822.00
  3422.50806  2948.49194     8.84710     0.00000    10.67678   57822.00
  3432.57397  2938.42603     8.86160     0.00000    10.68954   57822.00
  3442.63989  2928.36011     8.87610     0.00000    10.70230   57822.00
  3452.70581  2918.29419     8.89010     0.00000    10.71478   57822.00
  3462.77197  2908.22803     8.90410     0.00000    10.72726   57822.00
  3472.83789  2898.16211     8.91810     0.00000    10.73974   57822.00
  3482.90405  2888.09595     8.93210     0.00000    10.75222   57822.00
  3492.96997  2878.03003     8.94610     0.00000    10.76470   57822.00
  3503.03589  2867.96411     8.95964     0.00000    10.77690   57822.00
  3513.10205  2857.89795     8.97318     0.00000    10.78910   57822.00
  3523.16797  2847.83203     8.98672     0.00000    10.80130   57822.00
  3533.23413  2837.76587     9.00026     0.00000    10.81350   57822.00
  3543.30005  2827.69995     9.01380     0.00000    10.82570   57822.00
  3553.36792  2817.63208     9.02688     0.00000    10.83760   57822.00
  3563.43604  2807.56396     9.03996     0.00000    10.84950   57822.00
  3573.50391  2797.49609     9.05304     0.00000    10.86140   57822.00
  3583.57202  2787.42798     9.06612     0.00000    10.87330   57822.00
  3593.63989  2777.36011     9.07920     0.00000    10.88520   57822.00
  3603.70581  2767.29419     9.09188     0.00000    10.89684   57822.00
  3613.77197  2757.22803     9.10456     0.00000    10.90848   57822.00
  3623.83789  2747.16211     9.11724     0.00000    10.92012   57822.00
  3633.90405  2737.09595     9.12992     0.00000    10.93176   57822.00
  3643.96997  2727.03003     9.14260     0.00000    10.94340   57822.00
  3654.03589  2716.96411     9.15492     0.00000    10.95474   57822.00
  3664.10205  2706.89795     9.16724     0.00000    10.96608   57822.00
  3674.16797  2696.83203     9.17956     0.00000    10.97742   57822.00
  3684.23413  2686.76587     9.19188     0.00000    10.98876   57822.00
  3694.30005  2676.69995     9.20420     0.00000    11.00010   57822.00
  3704.36597  2666.63403     9.21604     0.00000    11.01118   57822.00
  3714.43188  2656.56812     9.22788     0.00000    11.02226   57822.00
  3724.49805  2646.50195     9.23972     0.00000    11.03334   57822.00
  3734.56396  2636.43604     9.25156     0.00000    11.04442   57822.00
  3744.62988  2626.37012     9.26340     0.00000    11.05550   57822.00
  3754.69580  2616.30420     9.27482     0.00000    11.06630   57822.00
  3764.76196  2606.23804     9.28624     0.00000    11.07710   57822.00
  3774.82788  2596.17212     9.29766     0.00000    11.08790   57822.00
  3784.89404  2586.10596     9.30908     0.00000    11.09870   57822.00
  3794.95996  2576.04004     9.32050     0.00000    11.10950   57822.00
  3805.02588  2565.97412     9.33160     0.00000    11.12006   57822.00
  3815.09204  2555.90796     9.34270     0.00000    11.13062   57822.00
  3825.15796  2545.84204     9.35380     0.00000    11.14118   57822.00
  3835.22412  2535.77588     9.36490     0.00000    11.15174   57822.00
  3845.29004  2525.70996     9.37600     0.00000    11.16230   57822.00
  3855.35596  2515.64404     9.38674     0.00000    11.17258   57822.00
  3865.42212  2505.57788     9.39748     0.00000    11.18286   57822.00
  3875.48804  2495.51196     9.40822     0.00000    11.19314   57822.00
  3885.55420  2485.44580     9.41896     0.00000    11.20342   57822.00
  3895.62012  2475.37988     9.42970     0.00000    11.21370   57822.00
  3905.68604  2465.31396     9.44004     0.00000    11.22374   57822.00
  3915.75195  2455.24805     9.45038     0.00000    11.23378   57822.00
  3925.81812  2445.18188     9.46072     0.00000    11.24382   57822.00
  3935.88403  2435.11597     9.47106     0.00000    11.25386   57822.00
  3945.94995  2425.05005     9.48140     0.00000    11.26390   57822.00
  3956.01587  2414.98413     9.49124     0.00000    11.27366   57822.00
  3966.08203  2404.91797     9.50108     0.00000    11.28342   57822.00
  3976.14795  2394.85205     9.51092     0.00000    11.29318   57822.00
  3986.21411  2384.78589     9.52076     0.00000    11.30294   57822.00
  3996.28003  2374.71997     9.53060     0.00000    11.31270   57822.00
  4006.34814  2364.65186     9.54002     0.00000    11.32224   57822.00
  4016.41602  2354.58398     9.54944     0.00000    11.33178   57822.00
  4026.48413  2344.51587     9.55886     0.00000    11.34132   57822.00
  4036.55200  2334.44800     9.56828     0.00000    11.35086   57822.00
  4046.62012  2324.37988     9.57770     0.00000    11.36040   57822.00
  4056.68604  2314.31396     9.58680     0.00000    11.36970   57822.00
  4066.75220  2304.24805     9.59590     0.00000    11.37900   57822.00
  4076.81812  2294.18188     9.60500     0.00000    11.38830   57822.00
  4086.88428  2284.11597     9.61410     0.00000    11.39760   57822.00
  4096.95020  2274.05005     9.62320     0.00000    11.40690   57822.00
  4107.01611  2263.98413     9.63202     0.00000    11.41594   57822.00
  4117.08203  2253.91797     9.64084     0.00000    11.42498   57822.00
  4127.14795  2243.85205     9.64966     0.00000    11.43402   57822.00
  4137.21387  2233.78589     9.65848     0.00000    11.44306   57822.00
  4147.27979  2223.71997     9.66730     0.00000    11.45210   57822.00
  4157.34570  2213.65405     9.67584     0.00000    11.46092   57822.00
  4167.41162  2203.58789     9.68438     0.00000    11.46974   57822.00
  4177.47803  2193.52197     9.69292     0.00000    11.47856   57822.00
  4187.54395  2183.45581     9.70146     0.00000    11.48738   57822.00
  4197.60986  2173.38989     9.71000     0.00000    11.49620   57822.00
  4207.67578  2163.32397     9.71826     0.00000    11.50478   57822.00
  4217.74170  2153.25806     9.72652     0.00000    11.51336   57822.00
  4227.80811  2143.19189     9.73478     0.00000    11.52194   57822.00
  4237.87402  2133.12598     9.74304     0.00000    11.53052   57822.00
  4247.93994  2123.06006     9.75130     0.00000    11.53910   57822.00
  4258.00586  2112.99414     9.75932     0.00000    11.54746   57822.00
  4268.07178  2102.92798     9.76734     0.00000    11.55582   57822.00
  4278.13818  2092.86206     9.77536     0.00000    11.56418   57822.00
  4288.20410  2082.79590     9.78338     0.00000    11.57254   57822.00
  4298.27002  2072.72998     9.79140     0.00000    11.58090   57822.00
  4308.33594  2062.66406     9.79920     0.00000    11.58904   57822.00
  4318.40186  2052.59790     9.80700     0.00000    11.59718   57822.00
  4328.46826  2042.53198     9.81480     0.00000    11.60532   57822.00
  4338.53418  2032.46606     9.82260     0.00000    11.61346   57822.00
  4348.60010  2022.40002     9.83040     0.00000    11.62160   57822.00
  4358.66602  2012.33398     9.83796     0.00000    11.62952   57822.00
  4368.73193  2002.26794     9.84552     0.00000    11.63744   57822.00
  4378.79834  1992.20203     9.85308     0.00000    11.64536   57822.00
  4388.86426  1982.13599     9.86064     0.00000    11.65328   57822.00
  4398.93018  1972.06995     9.86820     0.00000    11.66120   57822.00
  4408.99609  1962.00391     9.87558     0.00000    11.66892   57822.00
  4419.06201  1951.93799     9.88296     0.00000    11.67664   57822.00
  4429.12793  1941.87195     9.89034     0.00000    11.68436   57822.00
  4439.19385  1931.80603     9.89772     0.00000    11.69208   57822.00
  4449.25977  1921.73999     9.90510     0.00000    11.69980   57822.00
  4459.32764  1911.67200     9.91228     0.00000    11.70730   57822.00
  4469.39600  1901.60400     9.91946     0.00000    11.71480   57822.00
  4479.46387  1891.53601     9.92664     0.00000    11.72230   57822.00
  4489.53223  1881.46802     9.93382     0.00000    11.72980   57822.00
  4499.60010  1871.40002     9.94100     0.00000    11.73730   57822.00
  4509.66602  1861.33398     9.94802     0.00000    11.74458   57822.00
  4519.73193  1851.26794     9.95504     0.00000    11.75186   57822.00
  4529.79834  1841.20203     9.96206     0.00000    11.75914   57822.00
  4539.86426  1831.13599     9.96908     0.00000    11.76642   57822.00
  4549.93018  1821.06995     9.97610     0.00000    11.77370   57822.00
  4559.99609  1811.00391     9.98294     0.00000    11.78080   57822.00
  4570.06201  1800.93799     9.98978     0.00000    11.78790   57822.00
  4580.12793  1790.87195     9.99662     0.00000    11.79500   57822.00
  4590.19385  1780.80603    10.00346     0.00000    11.80210   57822.00
  4600.25977  1770.73999    10.01030     0.00000    11.80920   57822.00
  4610.32568  1760.67395    10.01702     0.00000    11.81610   57822.00
  4620.39160  1750.60803    10.02374     0.00000    11.82300   57822.00
  4630.45801  1740.54199    10.03046     0.00000    11.82990   57822.00
  4640.52393  1730.47607    10.03718     0.00000    11.83680   57822.00
  4650.58984  1720.41003    10.04390     0.00000    11.84370   57822.00
  4660.65576  1710.34399    10.05048     0.00000    11.85040   57822.00
  4670.72168  1700.27795    10.05706     0.00000    11.85710   57822.00
  4680.78809  1690.21204    10.06364     0.00000    11.86380   57822.00
  4690.85400  1680.14600    10.07022     0.00000    11.87050   57822.00
  4700.91992  1670.07996    10.07680     0.00000    11.87720   57822.00
  4710.98584  1660.01392    10.08334     0.00000    11.88372   57822.00
  4721.05176  1649.94800    10.08988     0.00000    11.89024   57822.00
  4731.11816  1639.88196    10.09642     0.00000    11.89676   57822.00
  4741.18408  1629.81604    10.10296     0.00000    11.90328   57822.00
  4751.25000  1619.75000    10.10950     0.00000    11.90980   57822.00
  4761.31592  1609.68396    10.11590     0.00000    11.91612   57822.00
  4771.38184  1599.61804    10.12230     0.00000    11.92244   57822.00
  4781.44824  1589.55200    10.12870     0.00000    11.92876   57822.00
  4791.51416  1579.48608    10.13510     0.00000    11.93508   57822.00
  4801.58008  1569.42004    10.14150     0.00000    11.94140   57822.00
  4811.64600  1559.35400    10.14798     0.00000    11.94756   57822.00
  4821.71191  1549.28796    10.15446     0.00000    11.95372   57822.00
  4831.77832  1539.22205    10.16094     0.00000    11.95988   57822.00
  4841.84424  1529.15601    10.16742     0.00000    11.96604   57822.00
  4851.91016  1519.08997    10.17390     0.00000    11.97220   57822.00
  4861.97607  1509.02393    10.18010     0.00000    11.97778   57822.00
  4872.04199  1498.95801    10.18630     0.00000    11.98336   57822.00
  4882.10840  1488.89197    10.19250     0.00000    11.98894   57822.00
  4892.17432  1478.82605    10.19870     0.00000    11.99452   57822.00
  4902.24023  1468.76001    10.20490     0.00000    12.00010   57822.00
  4912.30811  1458.69202    10.21050     0.00000    12.00630   57822.00
  4922.37598  1448.62402    10.21610     0.00000    12.01250   57822.00
  4932.44434  1438.55603    10.22170     0.00000    12.01870   57822.00
  4942.51221  1428.48804    10.22730     0.00000    12.02490   57822.00
  4952.58008  1418.42004    10.23290     0.00000    12.03110   57822.00
  4962.64600  1408.35400    10.23762     0.00000    12.03674   57822.00
  4972.71191  1398.28796    10.24234     0.00000    12.04238   57822.00
  4982.77832  1388.22205    10.24706     0.00000    12.04802   57822.00
  4992.84424  1378.15601    10.25178     0.00000    12.05366   57822.00
  5002.91016  1368.08997    10.25650     0.00000    12.05930   57822.00
  5012.97607  1358.02393    10.26010     0.00000    12.06478   57822.00
  5023.04199  1347.95801    10.26370     0.00000    12.07026   57822.00
  5033.10840  1337.89197    10.26730     0.00000    12.07574   57822.00
  5043.17432  1327.82605    10.27090     0.00000    12.08122   57822.00
  5053.24023  1317.76001    10.27450     0.00000    12.08670   57822.00
  5063.30615  1307.69397    10.27668     0.00000    12.09202   57822.00
  5073.37207  1297.62805    10.27886     0.00000    12.09734   57822.00
  5083.43799  1287.56201    10.28104     0.00000    12.10266   57822.00
  5093.50391  1277.49609    10.28322     0.00000    12.10798   57822.00
  5103.56982  1267.43005    10.28540     0.00000    12.11330   57822.00
  5116.05225  1254.94751    10.28630     0.00000    12.11975   57822.00
  5128.53516  1242.46509    10.28720     0.00000    12.12620   57822.00
  5141.01758  1229.98254    10.28810     0.00000    12.13265   57822.00
  5153.50000  1217.50000    10.28900     0.00000    12.13910   57822.00
  5153.50000  1217.50000    11.04270     3.50430    12.70370     633.00
  5163.72217  1207.27795    11.04586     3.50718    12.70874     632.40
  5173.94385  1197.05603    11.04902     3.51006    12.71378     631.80
  5184.16602  1186.83398    11.05218     3.51294    12.71882     631.20
  5194.38770  1176.61206    11.05534     3.51582    12.72386     630.60
  5204.60986  1166.39001    11.05850     3.51870    12.72890     630.00
  5214.75195  1156.24805    11.06116     3.52124    12.73372     629.40
  5224.89404  1146.10608    11.06382     3.52378    12.73854     628.80
  5235.03564  1135.96399    11.06648     3.52632    12.74336     628.20
  5245.17773  1125.82202    11.06914     3.52886    12.74818     627.60
  5255.31982  1115.68005    11.07180     3.53140    12.75300     627.00
  5265.46387  1105.53601    11.07444     3.53382    12.75760     626.40
  5275.60791  1095.39197    11.07708     3.53624    12.76220     625.80
  5285.75195  1085.24805    11.07972     3.53866    12.76680     625.20
  5295.89600  1075.10400    11.08236     3.54108    12.77140     624.60
  5306.04004  1064.95996    11.08500     3.54350    12.77600     624.00
  5316.18213  1054.81799    11.08766     3.54582    12.78040     623.60
  5326.32422  1044.67603    11.09032     3.54814    12.78480     623.20
  5336.46582  1034.53394    11.09298     3.55046    12.78920     622.80
  5346.60791  1024.39197    11.09564     3.55278    12.79360     622.40
  5356.75000  1014.25000    11.09830     3.55510    12.79800     622.00
  5366.89209  1004.10797    11.10196     3.55730    12.80216     621.60
  5377.03418   993.96600    11.10562     3.55950    12.80632     621.20
  5387.17578   983.82397    11.10928     3.56170    12.81048     620.80
  5397.31787   973.68201    11.11294     3.56390    12.81464     620.40
  5407.45996   963.53998    11.11660     3.56610    12.81880     620.00
  5417.60205   953.39801    11.11960     3.56818    12.82278     619.60
  5427.74414   943.25598    11.12260     3.57026    12.82676     619.20
  5437.88574   933.11401    11.12560     3.57234    12.83074     618.80
  5448.02783   922.97198    11.12860     3.57442    12.83472     618.40
  5458.16992   912.83002    11.13160     3.57650    12.83870     618.00
  5468.31396   902.68604    11.13442     3.57848    12.84244     617.60
  5478.45801   892.54199    11.13724     3.58046    12.84618     617.20
  5488.60205   882.39801    11.14006     3.58244    12.84992     616.80
  5498.74609   872.25397    11.14288     3.58442    12.85366     616.40
  5508.89014   862.10999    11.14570     3.58640    12.85740     616.00
  5519.03223   851.96802    11.14836     3.58826    12.86094     615.60
  5529.17432   841.82599    11.15102     3.59012    12.86448     615.20
  5539.31592   831.68402    11.15368     3.59198    12.86802     614.80
  5549.45801   821.54199    11.15634     3.59384    12.87156     614.40
  5559.60010   811.40002    11.15900     3.59570    12.87510     614.00
  5569.74219   801.25800    11.16150     3.59744    12.87842     613.80
  5579.88428   791.11603    11.16400     3.59918    12.88174     613.60
  5590.02588   780.97400    11.16650     3.60092    12.88506     613.40
  5600.16797   770.83203    11.16900     3.60266    12.88838     613.20
  5610.31006   760.69000    11.17150     3.60440    12.89170     613.00
  5620.45215   750.54797    11.17384     3.60604    12.89480     612.60
  5630.59424   740.40601    11.17618     3.60768    12.89790     612.20
  5640.73584   730.26398    11.17852     3.60932    12.90100     611.80
  5650.87793   720.12201    11.18086     3.61096    12.90410     611.40
  5661.02002   709.97998    11.18320     3.61260    12.90720     611.00
  5671.16406   699.83600    11.18538     3.61412    12.91010     610.80
  5681.30811   689.69202    11.18756     3.61564    12.91300     610.60
  5691.45215   679.54797    11.18974     3.61716    12.91590     610.40
  5701.59619   669.40399    11.19192     3.61868    12.91880     610.20
  5711.74023   659.26001    11.19410     3.62020    12.92170     610.00
  5721.88232   649.11798    11.19610     3.62160    12.92438     609.60
  5732.02441   638.97601    11.19810     3.62300    12.92706     609.20
  5742.16602   628.83398    11.20010     3.62440    12.92974     608.80
  5752.30811   618.69202    11.20210     3.62580    12.93242     608.40
  5762.45020   608.54999    11.20410     3.62720    12.93510     608.00
  5772.59229   598.40802    11.20596     3.62850    12.93756     607.80
  5782.73438   588.26599    11.20782     3.62980    12.94002     607.60
  5792.87598   578.12402    11.20968     3.63110    12.94248     607.40
  5803.01807   567.98199    11.21154     3.63240    12.94494     607.20
  5813.16016   557.84003    11.21340     3.63370    12.94740     607.00
  5823.30225   547.69800    11.21510     3.63488    12.94964     606.80
  5833.44434   537.55603    11.21680     3.63606    12.95188     606.60
  5843.58594   527.41400    11.21850     3.63724    12.95412     606.40
  5853.72803   517.27203    11.22020     3.63842    12.95636     606.20
  5863.87012   507.13000    11.22190     3.63960    12.95860     606.00
  5874.01416   496.98599    11.22342     3.64068    12.96064     605.80
  5884.15820   486.84201    11.22494     3.64176    12.96268     605.60
  5894.30176   476.69800    11.22646     3.64284    12.96472     605.40
  5904.44580   466.55402    11.22798     3.64392    12.96676     605.20
  5914.58984   456.41000    11.22950     3.64500    12.96880     605.00
  5924.73193   446.26801    11.23088     3.64596    12.97062     604.80
  5934.87402   436.12601    11.23226     3.64692    12.97244     604.60
  5945.01563   425.98401    11.23364     3.64788    12.97426     604.40
  5955.15771   415.84201    11.23502     3.64884    12.97608     604.20
  5965.29980   405.70001    11.23640     3.64980    12.97790     604.00
  5975.44189   395.55801    11.23760     3.65064    12.97950     604.00
  5985.58398   385.41602    11.23880     3.65148    12.98110     604.00
  5995.72559   375.27399    11.24000     3.65232    12.98270     604.00
  6005.86768   365.13199    11.24120     3.65316    12.98430     604.00
  6016.00977   354.98999    11.24240     3.65400    12.98590     604.00
  6026.15186   344.84799    11.24346     3.65474    12.98730     603.80
  6036.29395   334.70599    11.24452     3.65548    12.98870     603.60
  6046.43604   324.56400    11.24558     3.65622    12.99010     603.40
  6056.57813   314.42200    11.24664     3.65696    12.99150     603.20
  6066.72021   304.28000    11.24770     3.65770    12.99290     603.00
  6076.86426   294.13599    11.24858     3.65832    12.99408     602.80
  6087.00830   283.99200    11.24946     3.65894    12.99526     602.60
  6097.15186   273.84799    11.25034     3.65956    12.99644     602.40
  6107.29590   263.70401    11.25122     3.66018    12.99762     602.20
  6117.43994   253.56000    11.25210     3.66080    12.99880     602.00
  6127.58203   243.41800    11.25282     3.66130    12.99976     602.00
  6137.72412   233.27600    11.25354     3.66180    13.00072     602.00
  6147.86572   223.13400    11.25426     3.66230    13.00168     602.00
  6158.00781   212.99200    11.25498     3.66280    13.00264     602.00
  6168.14990   202.85001    11.25570     3.66330    13.00360     602.00
  6178.29199   192.70801    11.25628     3.66370    13.00436     602.00
  6188.43408   182.56601    11.25686     3.66410    13.00512     602.00
  6198.57568   172.42400    11.25744     3.66450    13.00588     602.00
  6208.71777   162.28200    11.25802     3.66490    13.00664     602.00
  6218.85986   152.14000    11.25860     3.66530    13.00740     602.00
  6229.00195   141.99800    11.25900     3.66558    13.00792     601.80
  6239.14404   131.85600    11.25940     3.66586    13.00844     601.60
  6249.28564   121.71400    11.25980     3.66614    13.00896     601.40
  6259.42773   111.57200    11.26020     3.66642    13.00948     601.20
  6269.56982   101.43000    11.26060     3.66670    13.01000     601.00
  6279.71387    91.28600    11.26084     3.66686    13.01034     601.00
  6289.85791    81.14200    11.26108     3.66702    13.01068     601.00
  6300.00195    70.99800    11.26132     3.66718    13.01102     601.00
  6310.14600    60.85400    11.26156     3.66734    13.01136     601.00
  6320.29004    50.71000    11.26180     3.66750    13.01170     601.00
  6330.43213    40.56800    11.26188     3.66756    13.01180     601.00
  6340.57422    30.42600    11.26196     3.66762    13.01190     601.00
  6350.71582    20.28400    11.26204     3.66768    13.01200     601.00
  6360.85791    10.14200    11.26212     3.66774    13.01210     601.00
  6371.00000     0.00000    11.26220     3.66780    13.01220     601.00
