     0.00000  1737.00000     1.00000     0.50000     2.60000    4500.00
     1.00000  1736.00000     1.00000     0.50000     2.60000    4500.00
     1.00000  1736.00000     5.50000     3.30000     2.76200    4500.00
    14.45000  1722.55005     5.50000     3.30000     2.76200    4500.00
    27.90000  1709.09998     5.50000     3.30000     2.76200    4500.00
    27.90000  1709.09998     8.00000     4.55000     3.39800    4500.00
    38.62954  1698.37036     8.00000     4.55000     3.39800    4500.00
    49.35909  1687.64087     8.00000     4.55000     3.39800    4500.00
    60.08863  1676.91138     8.00000     4.55000     3.39800    4500.00
    70.81818  1666.18176     8.00000     4.55000     3.39800    4500.00
    81.54772  1655.45227     8.00000     4.55000     3.39800    4500.00
    92.27727  1644.72266     8.00000     4.55000     3.39800    4500.00
   103.00682  1633.99316     8.00000     4.55000     3.39800    4500.00
   113.73637  1623.26367     8.00000     4.55000     3.39800    4500.00
   124.46591  1612.53418     8.00000     4.55000     3.39800    4500.00
   135.19545  1601.80457     8.00000     4.55000     3.39800    4500.00
   145.92499  1591.07495     8.00000     4.55000     3.39800    4500.00
   156.65454  1580.34546     8.00000     4.55000     3.39800    4500.00
   167.38409  1569.61597     8.00000     4.55000     3.39800    4500.00
   178.11363  1558.88635     8.00000     4.55000     3.39800    4500.00
   188.84317  1548.15674     8.00000     4.55000     3.39800    4500.00
   199.57272  1537.42725     8.00000     4.55000     3.39800    4500.00
   210.30228  1526.69775     8.00000     4.55000     3.39800    4500.00
   221.03181  1515.96814     8.00000     4.55000     3.39800    4500.00
   231.76135  1505.23853     8.00000     4.55000     3.39800    4500.00
   242.49091  1494.50903     8.00000     4.55000     3.39800    4500.00
   253.22046  1483.77954     8.00000     4.55000     3.39800    4500.00
   263.95001  1473.05005     8.00000     4.55000     3.39800    4500.00
   274.67953  1462.32043     8.00000     4.55000     3.39800    4500.00
   285.40909  1451.59094     8.00000     4.55000     3.39800    4500.00
   296.13864  1440.86133     8.00000     4.55000     3.39800    4500.00
   306.86816  1430.13184     8.00000     4.55000     3.39800    4500.00
   317.59772  1419.40234     8.00000     4.55000     3.39800    4500.00
   328.32727  1408.67273     8.00000     4.55000     3.39800    4500.00
   339.05682  1397.94312     8.00000     4.55000     3.39800    4500.00
   349.78638  1387.21362     8.00000     4.55000     3.39800    4500.00
   360.51590  1376.48413     8.00000     4.55000     3.39800    4500.00
   371.24545  1365.75452     8.00000     4.55000     3.39800    4500.00
   381.97501  1355.02490     8.00000     4.55000     3.39800    4500.00
   392.70453  1344.29541     8.00000     4.55000     3.39800    4500.00
   403.43408  1333.56592     8.00000     4.55000     3.39800    4500.00
   414.16364  1322.83630     8.00000     4.55000     3.39800    4500.00
   424.89319  1312.10681     8.00000     4.55000     3.39800    4500.00
   435.62274  1301.37720     8.00000     4.55000     3.39800    4500.00
   446.35226  1290.64771     8.00000     4.55000     3.39800    4500.00
   457.08182  1279.91821     8.00000     4.55000     3.39800    4500.00
   467.81137  1269.18872     8.00000     4.55000     3.39800    4500.00
   478.54089  1258.45911     8.00000     4.55000     3.39800    4500.00
   489.27045  1247.72949     8.00000     4.55000     3.39800    4500.00
   500.00000  1237.00000     8.00000     4.55000     3.39800    4500.00
   510.41669  1226.58337     8.00000     4.55000     3.39800    4500.00
   520.83337  1216.16675     8.00000     4.55000     3.39800    4500.00
   531.25000  1205.75000     8.00000     4.55000     3.39800    4500.00
   541.66669  1195.33337     8.00000     4.55000     3.39800    4500.00
   552.08337  1184.91675     8.00000     4.55000     3.39800    4500.00
   562.50000  1174.50000     8.00000     4.55000     3.39800    4500.00
   572.91663  1164.08325     8.00000     4.55000     3.39800    4500.00
   583.33331  1153.66663     8.00000     4.55000     3.39800    4500.00
   593.75000  1143.25000     8.00000     4.55000     3.39800    4500.00
   604.16663  1132.83325     8.00000     4.55000     3.39800    4500.00
   614.58331  1122.41663     8.00000     4.55000     3.39800    4500.00
   625.00000  1112.00000     8.00000     4.55000     3.39800    4500.00
   635.41669  1101.58337     8.00000     4.55000     3.39800    4500.00
   645.83337  1091.16675     8.00000     4.55000     3.39800    4500.00
   656.25000  1080.75000     8.00000     4.55000     3.39800    4500.00
   666.66669  1070.33337     8.00000     4.55000     3.39800    4500.00
   677.08337  1059.91675     8.00000     4.55000     3.39800    4500.00
   687.50000  1049.50000     8.00000     4.55000     3.39800    4500.00
   697.91663  1039.08325     8.00000     4.55000     3.39800    4500.00
   708.33331  1028.66663     8.00000     4.55000     3.39800    4500.00
   718.75000  1018.25000     8.00000     4.55000     3.39800    4500.00
   729.16663  1007.83331     8.00000     4.55000     3.39800    4500.00
   739.58331   997.41663     8.00000     4.55000     3.39800    4500.00
   750.00000   987.00000     8.00000     4.55000     3.39800    4500.00
   760.41663   976.58337     8.00000     4.55000     3.39800    4500.00
   770.83331   966.16669     8.00000     4.55000     3.39800    4500.00
   781.25000   955.75000     8.00000     4.55000     3.39800    4500.00
   791.66663   945.33337     8.00000     4.55000     3.39800    4500.00
   802.08331   934.91669     8.00000     4.55000     3.39800    4500.00
   812.50000   924.50000     8.00000     4.55000     3.39800    4500.00
   822.91669   914.08331     8.00000     4.55000     3.39800    4500.00
   833.33337   903.66663     8.00000     4.55000     3.39800    4500.00
   843.75000   893.25000     8.00000     4.55000     3.39800    4500.00
   854.16669   882.83331     8.00000     4.55000     3.39800    4500.00
   864.58337   872.41663     8.00000     4.55000     3.39800    4500.00
   875.00000   862.00000     8.00000     4.55000     3.39800    4500.00
   885.41663   851.58337     8.00000     4.55000     3.39800    4500.00
   895.83331   841.16669     8.00000     4.55000     3.39800    4500.00
   906.25000   830.75000     8.00000     4.55000     3.39800    4500.00
   916.66663   820.33337     8.00000     4.55000     3.39800    4500.00
   927.08331   809.91669     8.00000     4.55000     3.39800    4500.00
   937.50000   799.50000     8.00000     4.55000     3.39800    4500.00
   947.91669   789.08331     8.00000     4.55000     3.39800    4500.00
   958.33337   778.66663     8.00000     4.55000     3.39800    4500.00
   966.66669   770.33331     8.00000     4.55000     3.39800    4500.00
   975.00000   762.00000     8.00000     4.55000     3.39800    4500.00
   983.33337   753.66663     8.00000     4.55000     3.39800    4500.00
   991.66669   745.33331     8.00000     4.55000     3.39800    4500.00
  1000.00000   737.00000     8.00000     4.55000     3.39800    4500.00
  1008.18890   728.81110     8.00000     4.55000     3.39800    4500.00
  1016.37781   720.62219     8.00000     4.55000     3.39800    4500.00
  1024.56665   712.43335     8.00000     4.55000     3.39800    4500.00
  1032.75562   704.24445     8.00000     4.55000     3.39800    4500.00
  1040.94446   696.05554     8.00000     4.55000     3.39800    4500.00
  1049.13330   687.86664     8.00000     4.55000     3.39800    4500.00
  1057.32227   679.67773     8.00000     4.55000     3.39800    4500.00
  1065.51111   671.48889     8.00000     4.55000     3.39800    4500.00
  1073.70007   663.29999     8.00000     4.55000     3.39800    4500.00
  1081.88892   655.11108     8.00000     4.55000     3.39800    4500.00
  1090.07776   646.92218     8.00000     4.55000     3.39800    4500.00
  1098.26672   638.73334     8.00000     4.55000     3.39800    4500.00
  1106.45557   630.54443     8.00000     4.55000     3.39800    4500.00
  1114.64453   622.35559     8.00000     4.55000     3.39800    4500.00
  1122.83337   614.16669     8.00000     4.55000     3.39800    4500.00
  1129.65747   607.34259     8.00000     4.55000     3.39800    4500.00
  1136.48157   600.51855     8.00000     4.55000     3.39800    4500.00
  1143.30566   593.69446     8.00000     4.55000     3.39800    4500.00
  1150.12964   586.87036     8.00000     4.55000     3.39800    4500.00
  1156.95374   580.04633     8.00000     4.55000     3.39800    4500.00
  1163.77783   573.22223     8.00000     4.55000     3.39800    4500.00
  1170.60193   566.39813     8.00000     4.55000     3.39800    4500.00
  1177.42590   559.57410     8.00000     4.55000     3.39800    4500.00
  1184.25000   552.75000     8.00000     4.55000     3.39800    4500.00
  1191.07410   545.92590     8.00000     4.55000     3.39800    4500.00
  1197.89807   539.10187     8.00000     4.55000     3.39800    4500.00
  1204.72217   532.27777     8.00000     4.55000     3.39800    4500.00
  1210.57141   526.42859     8.00000     4.55000     3.39800    4500.00
  1216.42053   520.57935     8.00000     4.55000     3.39800    4500.00
  1222.26978   514.73016     8.00000     4.55000     3.39800    4500.00
  1228.11902   508.88095     8.00000     4.55000     3.39800    4500.00
  1233.96826   503.03174     8.00000     4.55000     3.39800    4500.00
  1239.81738   497.18253     8.00000     4.55000     3.39800    4500.00
  1245.66663   491.33331     8.00000     4.55000     3.39800    4500.00
  1251.51587   485.48410     8.00000     4.55000     3.39800    4500.00
  1257.36499   479.63492     8.00000     4.55000     3.39800    4500.00
  1263.21423   473.78571     8.00000     4.55000     3.39800    4500.00
  1269.06348   467.93649     8.00000     4.55000     3.39800    4500.00
  1274.91272   462.08728     8.00000     4.55000     3.39800    4500.00
  1280.76184   456.23810     8.00000     4.55000     3.39800    4500.00
  1286.61108   450.38889     8.00000     4.55000     3.39800    4500.00
  1291.72913   445.27084     8.00000     4.55000     3.39800    4500.00
  1296.84717   440.15277     8.00000     4.55000     3.39800    4500.00
  1301.96521   435.03473     8.00000     4.55000     3.39800    4500.00
  1307.08325   429.91669     8.00000     4.55000     3.39800    4500.00
  1312.20142   424.79861     8.00000     4.55000     3.39800    4500.00
  1317.31946   419.68057     8.00000     4.55000     3.39800    4500.00
  1322.43750   414.56250     8.00000     4.55000     3.39800    4500.00
  1327.55554   409.44446     8.00000     4.55000     3.39800    4500.00
  1332.10498   404.89508     8.00000     4.55000     3.39800    4500.00
  1336.65430   400.34570     8.00000     4.55000     3.39800    4500.00
  1341.20374   395.79630     8.00000     4.55000     3.39800    4500.00
  1345.75305   391.24692     8.00000     4.55000     3.39800    4500.00
  1350.30249   386.69754     8.00000     4.55000     3.39800    4500.00
  1354.85181   382.14816     8.00000     4.55000     3.39800    4500.00
  1359.40125   377.59875     8.00000     4.55000     3.39800    4500.00
  1363.95056   373.04938     8.00000     4.55000     3.39800    4500.00
  1368.50000   368.50000     8.00000     4.55000     3.39800    4500.00
  1372.59448   364.40555     8.00000     4.55000     3.39800    4500.00
  1376.68884   360.31110     8.00000     4.55000     3.39800    4500.00
  1380.78333   356.21667     8.00000     4.55000     3.39800    4500.00
  1384.87781   352.12222     8.00000     4.55000     3.39800    4500.00
  1388.97217   348.02777     8.00000     4.55000     3.39800    4500.00
  1393.06665   343.93332     8.00000     4.55000     3.39800    4500.00
  1397.16113   339.83887     8.00000     4.55000     3.39800    4500.00
  1401.25562   335.74445     8.00000     4.55000     3.39800    4500.00
  1405.34998   331.64999     8.00000     4.55000     3.39800    4500.00
  1409.44446   327.55554     8.00000     4.55000     3.39800    4500.00
  1413.16663   323.83331     8.00000     4.55000     3.39800    4500.00
  1416.88892   320.11111     8.00000     4.55000     3.39800    4500.00
  1420.61108   316.38889     8.00000     4.55000     3.39800    4500.00
  1424.33337   312.66666     8.00000     4.55000     3.39800    4500.00
  1428.05554   308.94443     8.00000     4.55000     3.39800    4500.00
  1431.77783   305.22223     8.00000     4.55000     3.39800    4500.00
  1435.50000   301.50000     8.00000     4.55000     3.39800    4500.00
  1439.22229   297.77777     8.00000     4.55000     3.39800    4500.00
  1442.94446   294.05554     8.00000     4.55000     3.39800    4500.00
  1446.66675   290.33334     8.00000     4.55000     3.39800    4500.00
  1450.38892   286.61111     8.00000     4.55000     3.39800    4500.00
  1453.53845   283.46155     8.00000     4.55000     3.39800    4500.00
  1456.68811   280.31198     8.00000     4.55000     3.39800    4500.00
  1459.83765   277.16238     8.00000     4.55000     3.39800    4500.00
  1462.98718   274.01282     8.00000     4.55000     3.39800    4500.00
  1466.13684   270.86325     8.00000     4.55000     3.39800    4500.00
  1469.28638   267.71368     8.00000     4.55000     3.39800    4500.00
  1472.43591   264.56409     8.00000     4.55000     3.39800    4500.00
  1475.58545   261.41452     8.00000     4.55000     3.39800    4500.00
  1478.73511   258.26495     8.00000     4.55000     3.39800    4500.00
  1481.88464   255.11537     8.00000     4.55000     3.39800    4500.00
  1485.03418   251.96581     8.00000     4.55000     3.39800    4500.00
  1488.18384   248.81622     8.00000     4.55000     3.39800    4500.00
  1491.33337   245.66666     8.00000     4.55000     3.39800    4500.00
  1494.06299   242.93703     8.00000     4.55000     3.39800    4500.00
  1496.79260   240.20740     8.00000     4.55000     3.39800    4500.00
  1499.52222   237.47777     8.00000     4.55000     3.39800    4500.00
  1502.25195   234.74814     8.00000     4.55000     3.39800    4500.00
  1504.98157   232.01851     8.00000     4.55000     3.39800    4500.00
  1507.71118   229.28888     8.00000     4.55000     3.39800    4500.00
  1510.44080   226.55927     8.00000     4.55000     3.39800    4500.00
  1513.17041   223.82962     8.00000     4.55000     3.39800    4500.00
  1515.90002   221.10001     8.00000     4.55000     3.39800    4500.00
  1518.62964   218.37038     8.00000     4.55000     3.39800    4500.00
  1521.35925   215.64075     8.00000     4.55000     3.39800    4500.00
  1524.08899   212.91112     8.00000     4.55000     3.39800    4500.00
  1526.81860   210.18149     8.00000     4.55000     3.39800    4500.00
  1529.54822   207.45186     8.00000     4.55000     3.39800    4500.00
  1532.27783   204.72223     8.00000     4.55000     3.39800    4500.00
  1534.43274   202.56726     8.00000     4.55000     3.39800    4500.00
  1536.58777   200.41229     8.00000     4.55000     3.39800    4500.00
  1538.74268   198.25731     8.00000     4.55000     3.39800    4500.00
  1540.89771   196.10234     8.00000     4.55000     3.39800    4500.00
  1543.05261   193.94737     8.00000     4.55000     3.39800    4500.00
  1545.20764   191.79240     8.00000     4.55000     3.39800    4500.00
  1547.36255   189.63742     8.00000     4.55000     3.39800    4500.00
  1549.51758   187.48245     8.00000     4.55000     3.39800    4500.00
  1551.67249   185.32748     8.00000     4.55000     3.39800    4500.00
  1553.82751   183.17252     8.00000     4.55000     3.39800    4500.00
  1555.98242   181.01755     8.00000     4.55000     3.39800    4500.00
  1558.13745   178.86258     8.00000     4.55000     3.39800    4500.00
  1560.29236   176.70760     8.00000     4.55000     3.39800    4500.00
  1562.44739   174.55263     8.00000     4.55000     3.39800    4500.00
  1564.60229   172.39766     8.00000     4.55000     3.39800    4500.00
  1566.75732   170.24269     8.00000     4.55000     3.39800    4500.00
  1568.91223   168.08771     8.00000     4.55000     3.39800    4500.00
  1571.06726   165.93274     8.00000     4.55000     3.39800    4500.00
  1573.22217   163.77777     8.00000     4.55000     3.39800    4500.00
  1574.92822   162.07175     8.00000     4.55000     3.39800    4500.00
  1576.63428   160.36574     8.00000     4.55000     3.39800    4500.00
  1578.34021   158.65971     8.00000     4.55000     3.39800    4500.00
  1580.04626   156.95369     8.00000     4.55000     3.39800    4500.00
  1581.75232   155.24768     8.00000     4.55000     3.39800    4500.00
  1583.45825   153.54166     8.00000     4.55000     3.39800    4500.00
  1585.16431   151.83563     8.00000     4.55000     3.39800    4500.00
  1586.87036   150.12962     8.00000     4.55000     3.39800    4500.00
  1588.57642   148.42360     8.00000     4.55000     3.39800    4500.00
  1590.28247   146.71758     8.00000     4.55000     3.39800    4500.00
  1591.98840   145.01157     8.00000     4.55000     3.39800    4500.00
  1593.69446   143.30554     8.00000     4.55000     3.39800    4500.00
  1595.40051   141.59952     8.00000     4.55000     3.39800    4500.00
  1597.10645   139.89351     8.00000     4.55000     3.39800    4500.00
  1598.81250   138.18748     8.00000     4.55000     3.39800    4500.00
  1600.51855   136.48146     8.00000     4.55000     3.39800    4500.00
  1602.22461   134.77545     8.00000     4.55000     3.39800    4500.00
  1603.93066   133.06943     8.00000     4.55000     3.39800    4500.00
  1605.63660   131.36340     8.00000     4.55000     3.39800    4500.00
  1607.34265   129.65739     8.00000     4.55000     3.39800    4500.00
  1609.04871   127.95137     8.00000     4.55000     3.39800    4500.00
  1610.75464   126.24535     8.00000     4.55000     3.39800    4500.00
  1612.46069   124.53934     8.00000     4.55000     3.39800    4500.00
  1614.16675   122.83331     8.00000     4.55000     3.39800    4500.00
  1615.44629   121.55380     8.00000     4.55000     3.39800    4500.00
  1616.72583   120.27429     8.00000     4.55000     3.39800    4500.00
  1618.00525   118.99477     8.00000     4.55000     3.39800    4500.00
  1619.28479   117.71526     8.00000     4.55000     3.39800    4500.00
  1620.56433   116.43575     8.00000     4.55000     3.39800    4500.00
  1621.84375   115.15624     8.00000     4.55000     3.39800    4500.00
  1623.12329   113.87672     8.00000     4.55000     3.39800    4500.00
  1624.40283   112.59721     8.00000     4.55000     3.39800    4500.00
  1625.68237   111.31770     8.00000     4.55000     3.39800    4500.00
  1626.96191   110.03819     8.00000     4.55000     3.39800    4500.00
  1628.24133   108.75868     8.00000     4.55000     3.39800    4500.00
  1629.52087   107.47916     8.00000     4.55000     3.39800    4500.00
  1630.80042   106.19965     8.00000     4.55000     3.39800    4500.00
  1632.07983   104.92014     8.00000     4.55000     3.39800    4500.00
  1633.35938   103.64063     8.00000     4.55000     3.39800    4500.00
  1634.63892   102.36111     8.00000     4.55000     3.39800    4500.00
  1635.91846   101.08160     8.00000     4.55000     3.39800    4500.00
  1637.19800    99.80209     8.00000     4.55000     3.39800    4500.00
  1638.47742    98.52258     8.00000     4.55000     3.39800    4500.00
  1639.75696    97.24307     8.00000     4.55000     3.39800    4500.00
  1641.03650    95.96356     8.00000     4.55000     3.39800    4500.00
  1642.31592    94.68404     8.00000     4.55000     3.39800    4500.00
  1643.59546    93.40453     8.00000     4.55000     3.39800    4500.00
  1644.87500    92.12502     8.00000     4.55000     3.39800    4500.00
  1646.15454    90.84550     8.00000     4.55000     3.39800    4500.00
  1647.43408    89.56599     8.00000     4.55000     3.39800    4500.00
  1648.71350    88.28648     8.00000     4.55000     3.39800    4500.00
  1649.99304    87.00697     8.00000     4.55000     3.39800    4500.00
  1651.27258    85.72746     8.00000     4.55000     3.39800    4500.00
  1652.55200    84.44795     8.00000     4.55000     3.39800    4500.00
  1653.83154    83.16843     8.00000     4.55000     3.39800    4500.00
  1655.11108    81.88892     8.00000     4.55000     3.39800    4500.00
  1655.94666    81.05332     8.00000     4.55000     3.39800    4500.00
  1656.78223    80.21772     8.00000     4.55000     3.39800    4500.00
  1657.61792    79.38212     8.00000     4.55000     3.39800    4500.00
  1658.45349    78.54652     8.00000     4.55000     3.39800    4500.00
  1659.28906    77.71091     8.00000     4.55000     3.39800    4500.00
  1660.12463    76.87531     8.00000     4.55000     3.39800    4500.00
  1660.96033    76.03972     8.00000     4.55000     3.39800    4500.00
  1661.79590    75.20412     8.00000     4.55000     3.39800    4500.00
  1662.63147    74.36852     8.00000     4.55000     3.39800    4500.00
  1663.46704    73.53291     8.00000     4.55000     3.39800    4500.00
  1664.30273    72.69731     8.00000     4.55000     3.39800    4500.00
  1665.13831    71.86171     8.00000     4.55000     3.39800    4500.00
  1665.97388    71.02611     8.00000     4.55000     3.39800    4500.00
  1666.80945    70.19051     8.00000     4.55000     3.39800    4500.00
  1667.64514    69.35490     8.00000     4.55000     3.39800    4500.00
  1668.48071    68.51930     8.00000     4.55000     3.39800    4500.00
  1669.31628    67.68370     8.00000     4.55000     3.39800    4500.00
  1670.15186    66.84810     8.00000     4.55000     3.39800    4500.00
  1670.98755    66.01250     8.00000     4.55000     3.39800    4500.00
  1671.82312    65.17690     8.00000     4.55000     3.39800    4500.00
  1672.65869    64.34129     8.00000     4.55000     3.39800    4500.00
  1673.49426    63.50570     8.00000     4.55000     3.39800    4500.00
  1674.32996    62.67010     8.00000     4.55000     3.39800    4500.00
  1675.16553    61.83450     8.00000     4.55000     3.39800    4500.00
  1676.00110    60.99889     8.00000     4.55000     3.39800    4500.00
  1676.83667    60.16329     8.00000     4.55000     3.39800    4500.00
  1677.67236    59.32769     8.00000     4.55000     3.39800    4500.00
  1678.50793    58.49209     8.00000     4.55000     3.39800    4500.00
  1679.34351    57.65649     8.00000     4.55000     3.39800    4500.00
  1680.17908    56.82088     8.00000     4.55000     3.39800    4500.00
  1681.01477    55.98528     8.00000     4.55000     3.39800    4500.00
  1681.85034    55.14968     8.00000     4.55000     3.39800    4500.00
  1682.68591    54.31408     8.00000     4.55000     3.39800    4500.00
  1683.52148    53.47848     8.00000     4.55000     3.39800    4500.00
  1684.35718    52.64288     8.00000     4.55000     3.39800    4500.00
  1685.19275    51.80728     8.00000     4.55000     3.39800    4500.00
  1686.02832    50.97168     8.00000     4.55000     3.39800    4500.00
  1686.86389    50.13608     8.00000     4.55000     3.39800    4500.00
  1687.69958    49.30048     8.00000     4.55000     3.39800    4500.00
  1688.53516    48.46487     8.00000     4.55000     3.39800    4500.00
  1689.37073    47.62927     8.00000     4.55000     3.39800    4500.00
  1690.20630    46.79367     8.00000     4.55000     3.39800    4500.00
  1691.04199    45.95807     8.00000     4.55000     3.39800    4500.00
  1691.87756    45.12247     8.00000     4.55000     3.39800    4500.00
  1692.71313    44.28687     8.00000     4.55000     3.39800    4500.00
  1693.54871    43.45127     8.00000     4.55000     3.39800    4500.00
  1694.38428    42.61567     8.00000     4.55000     3.39800    4500.00
  1695.21997    41.78006     8.00000     4.55000     3.39800    4500.00
  1696.05554    40.94446     8.00000     4.55000     3.39800    4500.00
  1696.15564    40.84435     8.00000     4.55000     3.39800    4500.00
  1696.25574    40.74424     8.00000     4.55000     3.39800    4500.00
  1696.35583    40.64413     8.00000     4.55000     3.39800    4500.00
  1696.45593    40.54403     8.00000     4.55000     3.39800    4500.00
  1696.55603    40.44392     8.00000     4.55000     3.39800    4500.00
  1696.65625    40.34381     8.00000     4.55000     3.39800    4500.00
  1696.75635    40.24370     8.00000     4.55000     3.39800    4500.00
  1696.85645    40.14359     8.00000     4.55000     3.39800    4500.00
  1696.95654    40.04348     8.00000     4.55000     3.39800    4500.00
  1697.05664    39.94337     8.00000     4.55000     3.39800    4500.00
  1697.15674    39.84327     8.00000     4.55000     3.39800    4500.00
  1697.25684    39.74316     8.00000     4.55000     3.39800    4500.00
  1697.35693    39.64305     8.00000     4.55000     3.39800    4500.00
  1697.45703    39.54294     8.00000     4.55000     3.39800    4500.00
  1697.55713    39.44283     8.00000     4.55000     3.39800    4500.00
  1697.65723    39.34272     8.00000     4.55000     3.39800    4500.00
  1697.75745    39.24261     8.00000     4.55000     3.39800    4500.00
  1697.85754    39.14251     8.00000     4.55000     3.39800    4500.00
  1697.95764    39.04240     8.00000     4.55000     3.39800    4500.00
  1698.05774    38.94229     8.00000     4.55000     3.39800    4500.00
  1698.15784    38.84218     8.00000     4.55000     3.39800    4500.00
  1698.25793    38.74207     8.00000     4.55000     3.39800    4500.00
  1698.35803    38.64196     8.00000     4.55000     3.39800    4500.00
  1698.45813    38.54185     8.00000     4.55000     3.39800    4500.00
  1698.55823    38.44175     8.00000     4.55000     3.39800    4500.00
  1698.65833    38.34164     8.00000     4.55000     3.39800    4500.00
  1698.75842    38.24153     8.00000     4.55000     3.39800    4500.00
  1698.85864    38.14142     8.00000     4.55000     3.39800    4500.00
  1698.95874    38.04131     8.00000     4.55000     3.39800    4500.00
  1699.05884    37.94120     8.00000     4.55000     3.39800    4500.00
  1699.15894    37.84109     8.00000     4.55000     3.39800    4500.00
  1699.25903    37.74098     8.00000     4.55000     3.39800    4500.00
  1699.35913    37.64087     8.00000     4.55000     3.39800    4500.00
  1699.45923    37.54076     8.00000     4.55000     3.39800    4500.00
  1699.55933    37.44066     8.00000     4.55000     3.39800    4500.00
  1699.65942    37.34055     8.00000     4.55000     3.39800    4500.00
  1699.75952    37.24044     8.00000     4.55000     3.39800    4500.00
  1699.85962    37.14033     8.00000     4.55000     3.39800    4500.00
  1699.95984    37.04022     8.00000     4.55000     3.39800    4500.00
  1700.05994    36.94011     8.00000     4.55000     3.39800    4500.00
  1700.16003    36.84000     8.00000     4.55000     3.39800    4500.00
  1700.26013    36.73989     8.00000     4.55000     3.39800    4500.00
  1700.36023    36.63979     8.00000     4.55000     3.39800    4500.00
  1700.46033    36.53968     8.00000     4.55000     3.39800    4500.00
  1700.56042    36.43957     8.00000     4.55000     3.39800    4500.00
  1700.66052    36.33946     8.00000     4.55000     3.39800    4500.00
  1700.76062    36.23935     8.00000     4.55000     3.39800    4500.00
  1700.86072    36.13924     8.00000     4.55000     3.39800    4500.00
  1700.96082    36.03913     8.00000     4.55000     3.39800    4500.00
  1701.06104    35.93903     8.00000     4.55000     3.39800    4500.00
  1701.16113    35.83892     8.00000     4.55000     3.39800    4500.00
  1701.26123    35.73881     8.00000     4.55000     3.39800    4500.00
  1701.36133    35.63870     8.00000     4.55000     3.39800    4500.00
  1701.46143    35.53859     8.00000     4.55000     3.39800    4500.00
  1701.56152    35.43848     8.00000     4.55000     3.39800    4500.00
  1701.66162    35.33838     8.00000     4.55000     3.39800    4500.00
  1701.76172    35.23827     8.00000     4.55000     3.39800    4500.00
  1701.86182    35.13816     8.00000     4.55000     3.39800    4500.00
  1701.96191    35.03805     8.00000     4.55000     3.39800    4500.00
  1702.06201    34.93794     8.00000     4.55000     3.39800    4500.00
  1702.16223    34.83783     8.00000     4.55000     3.39800    4500.00
  1702.26233    34.73772     8.00000     4.55000     3.39800    4500.00
  1702.36243    34.63761     8.00000     4.55000     3.39800    4500.00
  1702.46252    34.53751     8.00000     4.55000     3.39800    4500.00
  1702.56262    34.43740     8.00000     4.55000     3.39800    4500.00
  1702.66272    34.33729     8.00000     4.55000     3.39800    4500.00
  1702.76282    34.23718     8.00000     4.55000     3.39800    4500.00
  1702.86292    34.13707     8.00000     4.55000     3.39800    4500.00
  1702.96301    34.03696     8.00000     4.55000     3.39800    4500.00
  1703.06311    33.93685     8.00000     4.55000     3.39800    4500.00
  1703.16321    33.83674     8.00000     4.55000     3.39800    4500.00
  1703.26343    33.73663     8.00000     4.55000     3.39800    4500.00
  1703.36353    33.63653     8.00000     4.55000     3.39800    4500.00
  1703.46362    33.53642     8.00000     4.55000     3.39800    4500.00
  1703.56372    33.43631     8.00000     4.55000     3.39800    4500.00
  1703.66382    33.33620     8.00000     4.55000     3.39800    4500.00
  1703.76392    33.23609     8.00000     4.55000     3.39800    4500.00
  1703.86401    33.13598     8.00000     4.55000     3.39800    4500.00
  1703.96411    33.03587     8.00000     4.55000     3.39800    4500.00
  1704.06421    32.93576     8.00000     4.55000     3.39800    4500.00
  1704.16431    32.83566     8.00000     4.55000     3.39800    4500.00
  1704.26440    32.73555     8.00000     4.55000     3.39800    4500.00
  1704.36462    32.63544     8.00000     4.55000     3.39800    4500.00
  1704.46472    32.53533     8.00000     4.55000     3.39800    4500.00
  1704.56482    32.43522     8.00000     4.55000     3.39800    4500.00
  1704.66492    32.33511     8.00000     4.55000     3.39800    4500.00
  1704.76501    32.23500     8.00000     4.55000     3.39800    4500.00
  1704.86511    32.13490     8.00000     4.55000     3.39800    4500.00
  1704.96521    32.03479     8.00000     4.55000     3.39800    4500.00
  1705.06531    31.93468     8.00000     4.55000     3.39800    4500.00
  1705.16541    31.83457     8.00000     4.55000     3.39800    4500.00
  1705.26550    31.73446     8.00000     4.55000     3.39800    4500.00
  1705.36560    31.63435     8.00000     4.55000     3.39800    4500.00
  1705.46582    31.53424     8.00000     4.55000     3.39800    4500.00
  1705.56592    31.43414     8.00000     4.55000     3.39800    4500.00
  1705.66602    31.33403     8.00000     4.55000     3.39800    4500.00
  1705.76611    31.23392     8.00000     4.55000     3.39800    4500.00
  1705.86621    31.13381     8.00000     4.55000     3.39800    4500.00
  1705.96631    31.03370     8.00000     4.55000     3.39800    4500.00
  1706.06641    30.93359     8.00000     4.55000     3.39800    4500.00
  1706.16650    30.83348     8.00000     4.55000     3.39800    4500.00
  1706.26660    30.73337     8.00000     4.55000     3.39800    4500.00
  1706.36670    30.63326     8.00000     4.55000     3.39800    4500.00
  1706.46680    30.53316     8.00000     4.55000     3.39800    4500.00
  1706.56689    30.43305     8.00000     4.55000     3.39800    4500.00
  1706.66711    30.33294     8.00000     4.55000     3.39800    4500.00
  1706.76721    30.23283     8.00000     4.55000     3.39800    4500.00
  1706.86731    30.13272     8.00000     4.55000     3.39800    4500.00
  1706.96741    30.03261     8.00000     4.55000     3.39800    4500.00
  1707.06750    29.93250     8.00000     4.55000     3.39800    4500.00
  1707.16760    29.83239     8.00000     4.55000     3.39800    4500.00
  1707.26770    29.73229     8.00000     4.55000     3.39800    4500.00
  1707.36780    29.63218     8.00000     4.55000     3.39800    4500.00
  1707.46790    29.53207     8.00000     4.55000     3.39800    4500.00
  1707.56799    29.43196     8.00000     4.55000     3.39800    4500.00
  1707.66809    29.33185     8.00000     4.55000     3.39800    4500.00
  1707.76831    29.23174     8.00000     4.55000     3.39800    4500.00
  1707.86841    29.13163     8.00000     4.55000     3.39800    4500.00
  1707.96851    29.03152     8.00000     4.55000     3.39800    4500.00
  1708.06860    28.93142     8.00000     4.55000     3.39800    4500.00
  1708.16870    28.83131     8.00000     4.55000     3.39800    4500.00
  1708.26880    28.73120     8.00000     4.55000     3.39800    4500.00
  1708.36890    28.63109     8.00000     4.55000     3.39800    4500.00
  1708.46899    28.53098     8.00000     4.55000     3.39800    4500.00
  1708.56909    28.43087     8.00000     4.55000     3.39800    4500.00
  1708.66919    28.33076     8.00000     4.55000     3.39800    4500.00
  1708.76929    28.23066     8.00000     4.55000     3.39800    4500.00
  1708.86951    28.13055     8.00000     4.55000     3.39800    4500.00
  1708.96960    28.03044     8.00000     4.55000     3.39800    4500.00
  1709.06970    27.93033     8.00000     4.55000     3.39800    4500.00
  1709.16980    27.83022     8.00000     4.55000     3.39800    4500.00
  1709.26990    27.73011     8.00000     4.55000     3.39800    4500.00
  1709.37000    27.63000     8.00000     4.55000     3.39800    4500.00
  1709.47009    27.52989     8.00000     4.55000     3.39800    4500.00
  1709.57019    27.42979     8.00000     4.55000     3.39800    4500.00
  1709.67029    27.32968     8.00000     4.55000     3.39800    4500.00
  1709.77039    27.22957     8.00000     4.55000     3.39800    4500.00
  1709.87048    27.12946     8.00000     4.55000     3.39800    4500.00
  1709.97070    27.02935     8.00000     4.55000     3.39800    4500.00
  1710.07080    26.92924     8.00000     4.55000     3.39800    4500.00
  1710.17090    26.82913     8.00000     4.55000     3.39800    4500.00
  1710.27100    26.72902     8.00000     4.55000     3.39800    4500.00
  1710.37109    26.62892     8.00000     4.55000     3.39800    4500.00
  1710.47119    26.52881     8.00000     4.55000     3.39800    4500.00
  1710.57129    26.42870     8.00000     4.55000     3.39800    4500.00
  1710.67139    26.32859     8.00000     4.55000     3.39800    4500.00
  1710.77148    26.22848     8.00000     4.55000     3.39800    4500.00
  1710.87158    26.12837     8.00000     4.55000     3.39800    4500.00
  1710.97168    26.02826     8.00000     4.55000     3.39800    4500.00
  1711.07190    25.92815     8.00000     4.55000     3.39800    4500.00
  1711.17200    25.82805     8.00000     4.55000     3.39800    4500.00
  1711.27209    25.72794     8.00000     4.55000     3.39800    4500.00
  1711.37219    25.62783     8.00000     4.55000     3.39800    4500.00
  1711.47229    25.52772     8.00000     4.55000     3.39800    4500.00
  1711.57239    25.42761     8.00000     4.55000     3.39800    4500.00
  1711.67249    25.32750     8.00000     4.55000     3.39800    4500.00
  1711.77258    25.22739     8.00000     4.55000     3.39800    4500.00
  1711.87268    25.12729     8.00000     4.55000     3.39800    4500.00
  1711.97278    25.02718     8.00000     4.55000     3.39800    4500.00
  1712.07288    24.92707     8.00000     4.55000     3.39800    4500.00
  1712.17310    24.82696     8.00000     4.55000     3.39800    4500.00
  1712.27319    24.72685     8.00000     4.55000     3.39800    4500.00
  1712.37329    24.62674     8.00000     4.55000     3.39800    4500.00
  1712.47339    24.52663     8.00000     4.55000     3.39800    4500.00
  1712.57349    24.42653     8.00000     4.55000     3.39800    4500.00
  1712.67358    24.32642     8.00000     4.55000     3.39800    4500.00
  1712.77368    24.22631     8.00000     4.55000     3.39800    4500.00
  1712.87378    24.12620     8.00000     4.55000     3.39800    4500.00
  1712.97388    24.02609     8.00000     4.55000     3.39800    4500.00
  1713.07397    23.92598     8.00000     4.55000     3.39800    4500.00
  1713.17407    23.82587     8.00000     4.55000     3.39800    4500.00
  1713.27429    23.72577     8.00000     4.55000     3.39800    4500.00
  1713.37439    23.62565     8.00000     4.55000     3.39800    4500.00
  1713.47449    23.52555     8.00000     4.55000     3.39800    4500.00
  1713.57458    23.42544     8.00000     4.55000     3.39800    4500.00
  1713.67468    23.32533     8.00000     4.55000     3.39800    4500.00
  1713.77478    23.22522     8.00000     4.55000     3.39800    4500.00
  1713.87488    23.12511     8.00000     4.55000     3.39800    4500.00
  1713.97498    23.02500     8.00000     4.55000     3.39800    4500.00
  1714.07507    22.92489     8.00000     4.55000     3.39800    4500.00
  1714.17517    22.82479     8.00000     4.55000     3.39800    4500.00
  1714.27527    22.72468     8.00000     4.55000     3.39800    4500.00
  1714.37549    22.62457     8.00000     4.55000     3.39800    4500.00
  1714.47559    22.52446     8.00000     4.55000     3.39800    4500.00
  1714.57568    22.42435     8.00000     4.55000     3.39800    4500.00
  1714.67578    22.32424     8.00000     4.55000     3.39800    4500.00
  1714.77588    22.22413     8.00000     4.55000     3.39800    4500.00
  1714.87598    22.12403     8.00000     4.55000     3.39800    4500.00
  1714.97607    22.02392     8.00000     4.55000     3.39800    4500.00
  1715.07617    21.92381     8.00000     4.55000     3.39800    4500.00
  1715.17627    21.82370     8.00000     4.55000     3.39800    4500.00
  1715.27637    21.72359     8.00000     4.55000     3.39800    4500.00
  1715.37646    21.62348     8.00000     4.55000     3.39800    4500.00
  1715.47668    21.52337     8.00000     4.55000     3.39800    4500.00
  1715.57678    21.42326     8.00000     4.55000     3.39800    4500.00
  1715.67688    21.32315     8.00000     4.55000     3.39800    4500.00
  1715.77698    21.22305     8.00000     4.55000     3.39800    4500.00
  1715.87708    21.12294     8.00000     4.55000     3.39800    4500.00
  1715.97717    21.02283     8.00000     4.55000     3.39800    4500.00
  1716.07727    20.92272     8.00000     4.55000     3.39800    4500.00
  1716.17737    20.82261     8.00000     4.55000     3.39800    4500.00
  1716.27747    20.72250     8.00000     4.55000     3.39800    4500.00
  1716.37756    20.62239     8.00000     4.55000     3.39800    4500.00
  1716.47766    20.52229     8.00000     4.55000     3.39800    4500.00
  1716.57788    20.42218     8.00000     4.55000     3.39800    4500.00
  1716.67798    20.32207     8.00000     4.55000     3.39800    4500.00
  1716.77808    20.22196     8.00000     4.55000     3.39800    4500.00
  1716.87817    20.12185     8.00000     4.55000     3.39800    4500.00
  1716.97827    20.02174     8.00000     4.55000     3.39800    4500.00
  1717.07837    19.92163     8.00000     4.55000     3.39800    4500.00
  1717.17847    19.82153     8.00000     4.55000     3.39800    4500.00
  1717.27856    19.72142     8.00000     4.55000     3.39800    4500.00
  1717.37866    19.62131     8.00000     4.55000     3.39800    4500.00
  1717.47876    19.52120     8.00000     4.55000     3.39800    4500.00
  1717.57886    19.42109     8.00000     4.55000     3.39800    4500.00
  1717.67908    19.32098     8.00000     4.55000     3.39800    4500.00
  1717.77917    19.22087     8.00000     4.55000     3.39800    4500.00
  1717.87927    19.12076     8.00000     4.55000     3.39800    4500.00
  1717.97937    19.02065     8.00000     4.55000     3.39800    4500.00
  1718.07947    18.92055     8.00000     4.55000     3.39800    4500.00
  1718.17957    18.82044     8.00000     4.55000     3.39800    4500.00
  1718.27966    18.72033     8.00000     4.55000     3.39800    4500.00
  1718.37976    18.62022     8.00000     4.55000     3.39800    4500.00
  1718.47986    18.52011     8.00000     4.55000     3.39800    4500.00
  1718.57996    18.42000     8.00000     4.55000     3.39800    4500.00
  1718.68005    18.31989     8.00000     4.55000     3.39800    4500.00
  1718.78027    18.21979     8.00000     4.55000     3.39800    4500.00
  1718.88037    18.11968     8.00000     4.55000     3.39800    4500.00
  1718.98047    18.01957     8.00000     4.55000     3.39800    4500.00
  1719.08057    17.91946     8.00000     4.55000     3.39800    4500.00
  1719.18066    17.81935     8.00000     4.55000     3.39800    4500.00
  1719.28076    17.71924     8.00000     4.55000     3.39800    4500.00
  1719.38086    17.61913     8.00000     4.55000     3.39800    4500.00
  1719.48096    17.51902     8.00000     4.55000     3.39800    4500.00
  1719.58105    17.41892     8.00000     4.55000     3.39800    4500.00
  1719.68115    17.31881     8.00000     4.55000     3.39800    4500.00
  1719.78125    17.21870     8.00000     4.55000     3.39800    4500.00
  1719.88147    17.11859     8.00000     4.55000     3.39800    4500.00
  1719.98157    17.01848     8.00000     4.55000     3.39800    4500.00
  1720.08167    16.91837     8.00000     4.55000     3.39800    4500.00
  1720.18176    16.81826     8.00000     4.55000     3.39800    4500.00
  1720.28186    16.71815     8.00000     4.55000     3.39800    4500.00
  1720.38196    16.61805     8.00000     4.55000     3.39800    4500.00
  1720.48206    16.51794     8.00000     4.55000     3.39800    4500.00
  1720.58215    16.41783     8.00000     4.55000     3.39800    4500.00
  1720.68225    16.31772     8.00000     4.55000     3.39800    4500.00
  1720.78235    16.21761     8.00000     4.55000     3.39800    4500.00
  1720.88245    16.11750     8.00000     4.55000     3.39800    4500.00
  1720.98267    16.01739     8.00000     4.55000     3.39800    4500.00
  1721.08276    15.91729     8.00000     4.55000     3.39800    4500.00
  1721.18286    15.81718     8.00000     4.55000     3.39800    4500.00
  1721.28296    15.71707     8.00000     4.55000     3.39800    4500.00
  1721.38306    15.61696     8.00000     4.55000     3.39800    4500.00
  1721.48315    15.51685     8.00000     4.55000     3.39800    4500.00
  1721.58325    15.41674     8.00000     4.55000     3.39800    4500.00
  1721.68335    15.31663     8.00000     4.55000     3.39800    4500.00
  1721.78345    15.21652     8.00000     4.55000     3.39800    4500.00
  1721.88354    15.11642     8.00000     4.55000     3.39800    4500.00
  1721.98364    15.01631     8.00000     4.55000     3.39800    4500.00
  1722.08386    14.91620     8.00000     4.55000     3.39800    4500.00
  1722.18396    14.81609     8.00000     4.55000     3.39800    4500.00
  1722.28406    14.71598     8.00000     4.55000     3.39800    4500.00
  1722.38416    14.61587     8.00000     4.55000     3.39800    4500.00
  1722.48425    14.51576     8.00000     4.55000     3.39800    4500.00
  1722.58435    14.41566     8.00000     4.55000     3.39800    4500.00
  1722.68445    14.31555     8.00000     4.55000     3.39800    4500.00
  1722.78455    14.21544     8.00000     4.55000     3.39800    4500.00
  1722.88464    14.11533     8.00000     4.55000     3.39800    4500.00
  1722.98474    14.01522     8.00000     4.55000     3.39800    4500.00
  1723.08484    13.91511     8.00000     4.55000     3.39800    4500.00
  1723.18506    13.81500     8.00000     4.55000     3.39800    4500.00
  1723.28516    13.71489     8.00000     4.55000     3.39800    4500.00
  1723.38525    13.61478     8.00000     4.55000     3.39800    4500.00
  1723.48535    13.51468     8.00000     4.55000     3.39800    4500.00
  1723.58545    13.41457     8.00000     4.55000     3.39800    4500.00
  1723.68555    13.31446     8.00000     4.55000     3.39800    4500.00
  1723.78564    13.21435     8.00000     4.55000     3.39800    4500.00
  1723.88574    13.11424     8.00000     4.55000     3.39800    4500.00
  1723.98584    13.01413     8.00000     4.55000     3.39800    4500.00
  1724.08594    12.91402     8.00000     4.55000     3.39800    4500.00
  1724.18604    12.81392     8.00000     4.55000     3.39800    4500.00
  1724.28613    12.71381     8.00000     4.55000     3.39800    4500.00
  1724.38635    12.61370     8.00000     4.55000     3.39800    4500.00
  1724.48645    12.51359     8.00000     4.55000     3.39800    4500.00
  1724.58655    12.41348     8.00000     4.55000     3.39800    4500.00
  1724.68665    12.31337     8.00000     4.55000     3.39800    4500.00
  1724.78674    12.21326     8.00000     4.55000     3.39800    4500.00
  1724.88684    12.11315     8.00000     4.55000     3.39800    4500.00
  1724.98694    12.01305     8.00000     4.55000     3.39800    4500.00
  1725.08704    11.91294     8.00000     4.55000     3.39800    4500.00
  1725.18713    11.81283     8.00000     4.55000     3.39800    4500.00
  1725.28723    11.71272     8.00000     4.55000     3.39800    4500.00
  1725.38745    11.61261     8.00000     4.55000     3.39800    4500.00
  1725.48755    11.51250     8.00000     4.55000     3.39800    4500.00
  1725.58765    11.41239     8.00000     4.55000     3.39800    4500.00
  1725.68774    11.31228     8.00000     4.55000     3.39800    4500.00
  1725.78784    11.21218     8.00000     4.55000     3.39800    4500.00
  1725.88794    11.11207     8.00000     4.55000     3.39800    4500.00
  1725.98804    11.01196     8.00000     4.55000     3.39800    4500.00
  1726.08813    10.91185     8.00000     4.55000     3.39800    4500.00
  1726.18823    10.81174     8.00000     4.55000     3.39800    4500.00
  1726.28833    10.71163     8.00000     4.55000     3.39800    4500.00
  1726.38843    10.61152     8.00000     4.55000     3.39800    4500.00
  1726.48853    10.51142     8.00000     4.55000     3.39800    4500.00
  1726.58875    10.41131     8.00000     4.55000     3.39800    4500.00
  1726.68884    10.31120     8.00000     4.55000     3.39800    4500.00
  1726.78894    10.21109     8.00000     4.55000     3.39800    4500.00
  1726.88904    10.11098     8.00000     4.55000     3.39800    4500.00
  1726.98914    10.01087     8.00000     4.55000     3.39800    4500.00
  1727.08923     9.91076     8.00000     4.55000     3.39800    4500.00
  1727.18933     9.81065     8.00000     4.55000     3.39800    4500.00
  1727.28943     9.71054     8.00000     4.55000     3.39800    4500.00
  1727.38953     9.61044     8.00000     4.55000     3.39800    4500.00
  1727.48962     9.51033     8.00000     4.55000     3.39800    4500.00
  1727.58972     9.41022     8.00000     4.55000     3.39800    4500.00
  1727.68994     9.31011     8.00000     4.55000     3.39800    4500.00
  1727.79004     9.21000     8.00000     4.55000     3.39800    4500.00
  1727.89014     9.10989     8.00000     4.55000     3.39800    4500.00
  1727.99023     9.00978     8.00000     4.55000     3.39800    4500.00
  1728.09033     8.90968     8.00000     4.55000     3.39800    4500.00
  1728.19043     8.80957     8.00000     4.55000     3.39800    4500.00
  1728.29053     8.70946     8.00000     4.55000     3.39800    4500.00
  1728.39063     8.60935     8.00000     4.55000     3.39800    4500.00
  1728.49072     8.50924     8.00000     4.55000     3.39800    4500.00
  1728.59082     8.40913     8.00000     4.55000     3.39800    4500.00
  1728.69092     8.30902     8.00000     4.55000     3.39800    4500.00
  1728.79114     8.20892     8.00000     4.55000     3.39800    4500.00
  1728.89124     8.10881     8.00000     4.55000     3.39800    4500.00
  1728.99133     8.00870     8.00000     4.55000     3.39800    4500.00
  1729.09143     7.90859     8.00000     4.55000     3.39800    4500.00
  1729.19153     7.80848     8.00000     4.55000     3.39800    4500.00
  1729.29163     7.70837     8.00000     4.55000     3.39800    4500.00
  1729.39172     7.60826     8.00000     4.55000     3.39800    4500.00
  1729.49182     7.50815     8.00000     4.55000     3.39800    4500.00
  1729.59192     7.40805     8.00000     4.55000     3.39800    4500.00
  1729.69202     7.30794     8.00000     4.55000     3.39800    4500.00
  1729.79211     7.20783     8.00000     4.55000     3.39800    4500.00
  1729.89233     7.10772     8.00000     4.55000     3.39800    4500.00
  1729.99243     7.00761     8.00000     4.55000     3.39800    4500.00
  1730.09253     6.90750     8.00000     4.55000     3.39800    4500.00
  1730.19263     6.80739     8.00000     4.55000     3.39800    4500.00
  1730.29272     6.70728     8.00000     4.55000     3.39800    4500.00
  1730.39282     6.60717     8.00000     4.55000     3.39800    4500.00
  1730.49292     6.50707     8.00000     4.55000     3.39800    4500.00
  1730.59302     6.40696     8.00000     4.55000     3.39800    4500.00
  1730.69312     6.30685     8.00000     4.55000     3.39800    4500.00
  1730.79321     6.20674     8.00000     4.55000     3.39800    4500.00
  1730.89331     6.10663     8.00000     4.55000     3.39800    4500.00
  1730.99353     6.00652     8.00000     4.55000     3.39800    4500.00
  1731.09363     5.90641     8.00000     4.55000     3.39800    4500.00
  1731.19373     5.80630     8.00000     4.55000     3.39800    4500.00
  1731.29382     5.70620     8.00000     4.55000     3.39800    4500.00
  1731.39392     5.60609     8.00000     4.55000     3.39800    4500.00
  1731.49402     5.50598     8.00000     4.55000     3.39800    4500.00
  1731.59412     5.40587     8.00000     4.55000     3.39800    4500.00
  1731.69421     5.30576     8.00000     4.55000     3.39800    4500.00
  1731.79431     5.20565     8.00000     4.55000     3.39800    4500.00
  1731.89441     5.10555     8.00000     4.55000     3.39800    4500.00
  1731.99451     5.00544     8.00000     4.55000     3.39800    4500.00
  1732.09473     4.90533     8.00000     4.55000     3.39800    4500.00
  1732.19482     4.80522     8.00000     4.55000     3.39800    4500.00
  1732.29492     4.70511     8.00000     4.55000     3.39800    4500.00
  1732.39502     4.60500     8.00000     4.55000     3.39800    4500.00
  1732.49512     4.50489     8.00000     4.55000     3.39800    4500.00
  1732.59521     4.40479     8.00000     4.55000     3.39800    4500.00
  1732.69531     4.30468     8.00000     4.55000     3.39800    4500.00
  1732.79541     4.20457     8.00000     4.55000     3.39800    4500.00
  1732.89551     4.10446     8.00000     4.55000     3.39800    4500.00
  1732.99561     4.00435     8.00000     4.55000     3.39800    4500.00
  1733.09570     3.90424     8.00000     4.55000     3.39800    4500.00
  1733.19592     3.80413     8.00000     4.55000     3.39800    4500.00
  1733.29602     3.70402     8.00000     4.55000     3.39800    4500.00
  1733.39612     3.60391     8.00000     4.55000     3.39800    4500.00
  1733.49622     3.50381     8.00000     4.55000     3.39800    4500.00
  1733.59631     3.40370     8.00000     4.55000     3.39800    4500.00
  1733.69641     3.30359     8.00000     4.55000     3.39800    4500.00
  1733.79651     3.20348     8.00000     4.55000     3.39800    4500.00
  1733.89661     3.10337     8.00000     4.55000     3.39800    4500.00
  1733.99670     3.00326     8.00000     4.55000     3.39800    4500.00
  1734.09680     2.90315     8.00000     4.55000     3.39800    4500.00
  1734.19690     2.80304     8.00000     4.55000     3.39800    4500.00
  1734.29712     2.70293     8.00000     4.55000     3.39800    4500.00
  1734.39722     2.60283     8.00000     4.55000     3.39800    4500.00
  1734.49731     2.50272     8.00000     4.55000     3.39800    4500.00
  1734.59741     2.40261     8.00000     4.55000     3.39800    4500.00
  1734.69751     2.30250     8.00000     4.55000     3.39800    4500.00
  1734.79761     2.20239     8.00000     4.55000     3.39800    4500.00
  1734.89771     2.10228     8.00000     4.55000     3.39800    4500.00
  1734.99780     2.00217     8.00000     4.55000     3.39800    4500.00
  1735.09790     1.90207     8.00000     4.55000     3.39800    4500.00
  1735.19800     1.80196     8.00000     4.55000     3.39800    4500.00
  1735.29810     1.70185     8.00000     4.55000     3.39800    4500.00
  1735.39832     1.60174     8.00000     4.55000     3.39800    4500.00
  1735.49841     1.50163     8.00000     4.55000     3.39800    4500.00
  1735.59851     1.40152     8.00000     4.55000     3.39800    4500.00
  1735.69861     1.30141     8.00000     4.55000     3.39800    4500.00
  1735.79871     1.20131     8.00000     4.55000     3.39800    4500.00
  1735.89880     1.10120     8.00000     4.55000     3.39800    4500.00
  1735.99890     1.00109     8.00000     4.55000     3.39800    4500.00
  1736.09900     0.90098     8.00000     4.55000     3.39800    4500.00
  1736.19910     0.80087     8.00000     4.55000     3.39800    4500.00
  1736.29919     0.70076     8.00000     4.55000     3.39800    4500.00
  1736.39929     0.60065     8.00000     4.55000     3.39800    4500.00
  1736.49951     0.50055     8.00000     4.55000     3.39800    4500.00
  1736.59961     0.40043     8.00000     4.55000     3.39800    4500.00
  1736.69971     0.30033     8.00000     4.55000     3.39800    4500.00
  1736.79980     0.20021     8.00000     4.55000     3.39800    4500.00
  1736.89990     0.10011     8.00000     4.55000     3.39800    4500.00
  1737.00000     0.00000     8.00000     4.55000     3.39800    4500.00
