     0.00000  1737.00000     1.00000     0.50000     2.60000    6750.00
     0.90000  1736.09998     1.00000     0.50000     2.60000    6750.00
     0.90000  1736.09998     3.20000     1.80000     2.76200    6750.00
    11.90000  1725.09998     3.20000     1.80000     2.76200    6750.00
    11.90000  1725.09998     5.50000     3.30000     2.76200    6750.00
    27.90000  1709.09998     5.50000     3.30000     2.76200    6750.00
    27.90000  1709.09998     7.54000     4.34000     3.31200    6750.00
    39.90000  1697.09998     7.55000     4.34000     3.31400    6750.00
    52.60000  1684.39990     7.56000     4.34500     3.31600    7875.00
    65.30000  1671.69995     7.57000     4.35000     3.31800    9000.00
    77.60001  1659.39990     7.58000     4.35500     3.32000    9000.00
    89.90000  1647.09998     7.59000     4.36000     3.32200    9000.00
    99.90000  1637.09998     7.60000     4.36500     3.32350    9000.00
   109.90000  1627.09998     7.61000     4.37000     3.32500    9000.00
   129.89999  1607.09998     7.63000     4.38000     3.32900    9000.00
   139.89999  1597.09998     7.63500     4.38500     3.33050    9000.00
   149.89999  1587.09998     7.64000     4.39000     3.33200    9000.00
   159.89999  1577.09998     7.65000     4.39500     3.33350    9000.00
   169.89999  1567.09998     7.66000     4.40000     3.33500    9000.00
   179.89999  1557.09998     7.67000     4.40000     3.33650    9000.00
   189.89999  1547.09998     7.68000     4.40000     3.33800    9000.00
   199.89999  1537.09998     7.68500     4.40500     3.33950    9000.00
   209.89999  1527.09998     7.69000     4.41000     3.34100    9000.00
   222.45000  1514.55005     7.70000     4.41500     3.34250    9000.00
   235.00000  1502.00000     7.71000     4.42000     3.34400    9000.00
   249.89999  1487.09998     7.72000     4.43000     3.34600    9000.00
   262.59998  1474.39990     7.73000     4.43500     3.34800    6187.50
   275.29999  1461.69995     7.74000     4.44000     3.35000    3375.00
   289.89999  1447.09998     7.75000     4.44000     3.35200    3375.00
   299.89999  1437.09998     7.76000     4.44500     3.35350    3375.00
   309.89999  1427.09998     7.77000     4.45000     3.35500    3375.00
   319.89999  1417.09998     7.77500     4.45000     3.35600    3375.00
   329.89999  1407.09998     7.78000     4.45000     3.35700    3375.00
   339.89999  1397.09998     7.79000     4.45500     3.35850    3375.00
   349.89999  1387.09998     7.80000     4.46000     3.36000    3375.00
   359.89999  1377.09998     7.80500     4.46500     3.36150    3375.00
   369.89999  1367.09998     7.81000     4.47000     3.36300    3375.00
   379.89999  1357.09998     7.81500     4.47000     3.36400    3375.00
   389.89999  1347.09998     7.82000     4.47000     3.36500    3375.00
   399.89999  1337.09998     7.83000     4.47500     3.36650    3375.00
   409.89999  1327.09998     7.84000     4.48000     3.36800    3375.00
   419.89999  1317.09998     7.84500     4.48500     3.36900    3375.00
   429.89999  1307.09998     7.85000     4.49000     3.37000    3375.00
   439.89999  1297.09998     7.85500     4.49000     3.37150    3375.00
   449.89999  1287.09998     7.86000     4.49000     3.37300    3375.00
   459.89999  1277.09998     7.87000     4.49500     3.37400    3375.00
   469.89999  1267.09998     7.88000     4.50000     3.37500    3375.00
   485.00000  1252.00000     7.88000     4.50000     3.37700    3375.00
   495.14999  1241.84998     7.89000     4.50500     3.37800    2250.00
   505.29999  1231.69995     7.90000     4.51000     3.37900    1125.00
   517.59998  1219.39990     7.90500     4.51000     3.38050    1125.00
   529.90002  1207.09998     7.91000     4.51000     3.38200    1125.00
   539.90002  1197.09998     7.91500     4.51500     3.38300    1125.00
   549.90002  1187.09998     7.92000     4.52000     3.38400    1125.00
   559.90002  1177.09998     7.93000     4.52500     3.38500    1125.00
   569.90002  1167.09998     7.94000     4.53000     3.38600    1125.00
   579.90002  1157.09998     7.94500     4.53000     3.38700    1125.00
   589.90002  1147.09998     7.95000     4.53000     3.38800    1125.00
   599.90002  1137.09998     7.95500     4.53500     3.38950    1125.00
   609.90002  1127.09998     7.96000     4.54000     3.39100    1125.00
   619.90002  1117.09998     7.96500     4.54000     3.39200    1125.00
   629.90002  1107.09998     7.97000     4.54000     3.39300    1125.00
   639.90002  1097.09998     7.97500     4.54000     3.39400    1125.00
   649.90002  1087.09998     7.98000     4.54000     3.39500    1125.00
   659.90002  1077.09998     7.98500     4.54500     3.39600    1125.00
   669.90002  1067.09998     7.99000     4.55000     3.39700    1125.00
   679.90002  1057.09998     7.99500     4.55000     3.39750    1125.00
   689.90002  1047.09998     8.00000     4.55000     3.39800    1125.00
   699.90002  1037.09998     8.00500     4.55500     3.39900    1125.00
   709.90002  1027.09998     8.01000     4.56000     3.40000    1125.00
   722.45001  1014.54999     8.01500     4.56000     3.40150    1125.00
   735.00000  1002.00000     8.02000     4.56000     3.40300    1125.00
   749.90002   987.09998     8.03000     4.57000     3.40400    1125.00
   762.59998   974.40002     8.03500     4.57000     3.40500     900.00
   775.29999   961.70001     8.04000     4.57000     3.40600     675.00
   789.90002   947.09998     8.05000     4.57000     3.40800     675.00
   799.90002   937.09998     8.05500     4.57500     3.40850     675.00
   809.90002   927.09998     8.06000     4.58000     3.40900     675.00
   819.90002   917.09998     8.06500     4.58000     3.41000     675.00
   829.90002   907.09998     8.07000     4.58000     3.41100     675.00
   839.90002   897.09998     8.07500     4.58000     3.41200     675.00
   849.90002   887.09998     8.08000     4.58000     3.41300     675.00
   859.90002   877.09998     8.08000     4.58500     3.41350     675.00
   869.90002   867.09998     8.08000     4.59000     3.41400     675.00
   879.90002   857.09998     8.08500     4.59000     3.41500     675.00
   889.90002   847.09998     8.09000     4.59000     3.41600     675.00
   899.90002   837.09998     8.09500     4.59000     3.41650     675.00
   909.90002   827.09998     8.10000     4.59000     3.41700     675.00
   919.90002   817.09998     8.10500     4.59500     3.41800     675.00
   929.90002   807.09998     8.11000     4.60000     3.41900     675.00
   939.90002   797.09998     8.11500     4.60000     3.41950     675.00
   949.90002   787.09998     8.12000     4.60000     3.42000     675.00
   959.90002   777.09998     8.12000     4.60000     3.42050     675.00
   969.90002   767.09998     8.12000     4.60000     3.42100     675.00
   979.90002   757.09998     8.12500     4.60500     3.42200     675.00
   989.90002   747.09998     8.13000     4.61000     3.42300     675.00
   999.90002   737.09998     8.13500     4.61000     3.42350     675.00
  1009.90002   727.09998     8.14000     4.61000     3.42400     675.00
  1019.90002   717.09998     8.14000     4.61000     3.42450     675.00
  1029.90002   707.09998     8.14000     4.61000     3.42500     675.00
  1039.90002   697.09998     8.14500     4.61000     3.42600     675.00
  1049.90002   687.09998     8.15000     4.61000     3.42700     675.00
  1059.90002   677.09998     8.15500     4.61500     3.42750     675.00
  1069.90002   667.09998     8.16000     4.62000     3.42800     675.00
  1079.90002   657.09998     8.16000     4.62000     3.42850     675.00
  1089.90002   647.09998     8.16000     4.62000     3.42900     675.00
  1099.90002   637.09998     8.16500     4.62000     3.42950     675.00
  1109.90002   627.09998     8.17000     4.62000     3.43000     675.00
  1119.90002   617.09998     8.17500     4.62000     3.43050     675.00
  1129.90002   607.09998     8.18000     4.62000     3.43100     675.00
  1136.56665   600.43329     8.18000     4.62000     3.43167     675.00
  1143.23340   593.76666     8.18000     4.62000     3.43233     675.00
  1149.90002   587.09998     8.18000     4.62000     3.43300     675.00
  1156.56665   580.43329     8.18333     4.62333     3.43333     675.00
  1163.23340   573.76666     8.18667     4.62667     3.43367     675.00
  1169.90002   567.09998     8.19000     4.63000     3.43400     675.00
  1176.56665   560.43329     8.19000     4.63000     3.43433     675.00
  1183.23340   553.76666     8.19000     4.63000     3.43467     675.00
  1189.90002   547.09998     8.19000     4.63000     3.43500     675.00
  1196.00000   541.00000     8.20000     4.64545     3.44091     675.00
  1202.09998   534.89996     8.21000     4.66091     3.44682     675.00
  1208.20007   528.79999     8.22000     4.67636     3.45273     675.00
  1214.30005   522.70001     8.23000     4.69182     3.45864     675.00
  1220.40002   516.59998     8.24000     4.70727     3.46455     675.00
  1226.50000   510.50000     8.25000     4.72273     3.47045     675.00
  1232.59998   504.39999     8.26000     4.73818     3.47636     675.00
  1238.69995   498.29999     8.27000     4.75364     3.48227     675.00
  1244.80005   492.20001     8.28000     4.76909     3.48818     675.00
  1250.90002   486.10001     8.29000     4.78455     3.49409     675.00
  1257.00000   480.00000     8.30000     4.80000     3.50000     675.00
  1257.00000   480.00000     7.50000     3.20000     3.40000     675.00
  1262.55554   474.44446     7.50000     3.20000     3.40000     675.00
  1268.11108   468.88889     7.50000     3.20000     3.40000     675.00
  1273.66663   463.33334     7.50000     3.20000     3.40000     675.00
  1279.22217   457.77777     7.50000     3.20000     3.40000     675.00
  1284.77783   452.22223     7.50000     3.20000     3.40000     675.00
  1290.33337   446.66666     7.50000     3.20000     3.40000     675.00
  1295.88892   441.11111     7.50000     3.20000     3.40000     675.00
  1301.44446   435.55554     7.50000     3.20000     3.40000     675.00
  1307.00000   430.00000     7.50000     3.20000     3.40000     675.00
  1312.00000   425.00000     7.50000     3.20000     3.40000     675.00
  1317.00000   420.00000     7.50000     3.20000     3.40000     675.00
  1322.00000   415.00000     7.50000     3.20000     3.40000     675.00
  1327.00000   410.00000     7.50000     3.20000     3.40000     675.00
  1332.00000   405.00000     7.50000     3.20000     3.40000     675.00
  1337.00000   400.00000     7.50000     3.20000     3.40000     675.00
  1342.00000   395.00000     7.50000     3.20000     3.40000     675.00
  1347.00000   390.00000     7.50000     3.20000     3.40000     675.00
  1352.00000   385.00000     7.50000     3.20000     3.40000     675.00
  1357.00000   380.00000     7.50000     3.20000     3.40000     675.00
  1361.16663   375.83334     7.50000     3.20000     3.40000     675.00
  1365.33337   371.66666     7.50000     3.20000     3.40000     675.00
  1369.50000   367.50000     7.50000     3.20000     3.40000     675.00
  1373.66663   363.33334     7.50000     3.20000     3.40000     675.00
  1377.83337   359.16666     7.50000     3.20000     3.40000     675.00
  1382.00000   355.00000     7.50000     3.20000     3.40000     675.00
  1386.16663   350.83334     7.50000     3.20000     3.40000     675.00
  1390.33337   346.66666     7.50000     3.20000     3.40000     675.00
  1394.50000   342.50000     7.50000     3.20000     3.40000     675.00
  1398.66663   338.33334     7.50000     3.20000     3.40000     675.00
  1402.83337   334.16666     7.50000     3.20000     3.40000     675.00
  1407.00000   330.00000     7.50000     3.20000     3.40000     675.00
  1407.00000   330.00000     4.10000     0.00000     5.10000     675.00
  1410.75000   326.25000     4.10000     0.00000     5.10000     675.00
  1414.50000   322.50000     4.10000     0.00000     5.10000     675.00
  1418.25000   318.75000     4.10000     0.00000     5.10000     675.00
  1422.00000   315.00000     4.10000     0.00000     5.10000     675.00
  1425.75000   311.25000     4.10000     0.00000     5.10000     675.00
  1429.50000   307.50000     4.10000     0.00000     5.10000     675.00
  1433.25000   303.75000     4.10000     0.00000     5.10000     675.00
  1437.00000   300.00000     4.10000     0.00000     5.10000     675.00
  1440.75000   296.25000     4.10000     0.00000     5.10000     675.00
  1444.50000   292.50000     4.10000     0.00000     5.10000     675.00
  1448.25000   288.75000     4.10000     0.00000     5.10000     675.00
  1452.00000   285.00000     4.10000     0.00000     5.10000     675.00
  1455.21423   281.78571     4.10000     0.00000     5.10000     675.00
  1458.42859   278.57144     4.10000     0.00000     5.10000     675.00
  1461.64282   275.35715     4.10000     0.00000     5.10000     675.00
  1464.85718   272.14285     4.10000     0.00000     5.10000     675.00
  1468.07141   268.92856     4.10000     0.00000     5.10000     675.00
  1471.28577   265.71429     4.10000     0.00000     5.10000     675.00
  1474.50000   262.50000     4.10000     0.00000     5.10000     675.00
  1477.71423   259.28571     4.10000     0.00000     5.10000     675.00
  1480.92859   256.07144     4.10000     0.00000     5.10000     675.00
  1484.14282   252.85715     4.10000     0.00000     5.10000     675.00
  1487.35718   249.64285     4.10000     0.00000     5.10000     675.00
  1490.57141   246.42857     4.10000     0.00000     5.10000     675.00
  1493.78577   243.21429     4.10000     0.00000     5.10000     675.00
  1497.00000   240.00000     4.10000     0.00000     5.10000     675.00
  1497.00000   240.00000     4.30000     2.30000     8.00000   10000.00
  1499.66663   237.33333     4.30000     2.30000     8.00000   10000.00
  1502.33337   234.66667     4.30000     2.30000     8.00000   10000.00
  1505.00000   232.00000     4.30000     2.30000     8.00000   10000.00
  1507.66663   229.33333     4.30000     2.30000     8.00000   10000.00
  1510.33337   226.66667     4.30000     2.30000     8.00000   10000.00
  1513.00000   224.00000     4.30000     2.30000     8.00000   10000.00
  1515.66663   221.33333     4.30000     2.30000     8.00000   10000.00
  1518.33337   218.66667     4.30000     2.30000     8.00000   10000.00
  1521.00000   216.00000     4.30000     2.30000     8.00000   10000.00
  1523.66663   213.33333     4.30000     2.30000     8.00000   10000.00
  1526.33337   210.66667     4.30000     2.30000     8.00000   10000.00
  1529.00000   208.00000     4.30000     2.30000     8.00000   10000.00
  1531.66663   205.33333     4.30000     2.30000     8.00000   10000.00
  1534.33337   202.66667     4.30000     2.30000     8.00000   10000.00
  1537.00000   200.00000     4.30000     2.30000     8.00000   10000.00
  1539.10522   197.89473     4.30000     2.30000     8.00000   10000.00
  1541.21057   195.78947     4.30000     2.30000     8.00000   10000.00
  1543.31580   193.68420     4.30000     2.30000     8.00000   10000.00
  1545.42102   191.57895     4.30000     2.30000     8.00000   10000.00
  1547.52637   189.47368     4.30000     2.30000     8.00000   10000.00
  1549.63159   187.36842     4.30000     2.30000     8.00000   10000.00
  1551.73682   185.26315     4.30000     2.30000     8.00000   10000.00
  1553.84216   183.15790     4.30000     2.30000     8.00000   10000.00
  1555.94739   181.05263     4.30000     2.30000     8.00000   10000.00
  1558.05261   178.94737     4.30000     2.30000     8.00000   10000.00
  1560.15784   176.84210     4.30000     2.30000     8.00000   10000.00
  1562.26318   174.73685     4.30000     2.30000     8.00000   10000.00
  1564.36841   172.63158     4.30000     2.30000     8.00000   10000.00
  1566.47363   170.52632     4.30000     2.30000     8.00000   10000.00
  1568.57898   168.42105     4.30000     2.30000     8.00000   10000.00
  1570.68420   166.31580     4.30000     2.30000     8.00000   10000.00
  1572.78943   164.21053     4.30000     2.30000     8.00000   10000.00
  1574.89478   162.10526     4.30000     2.30000     8.00000   10000.00
  1577.00000   160.00000     4.30000     2.30000     8.00000   10000.00
  1578.66663   158.33333     4.30000     2.30000     8.00000   10000.00
  1580.33337   156.66667     4.30000     2.30000     8.00000   10000.00
  1582.00000   155.00000     4.30000     2.30000     8.00000   10000.00
  1583.66663   153.33333     4.30000     2.30000     8.00000   10000.00
  1585.33337   151.66667     4.30000     2.30000     8.00000   10000.00
  1587.00000   150.00000     4.30000     2.30000     8.00000   10000.00
  1588.66663   148.33333     4.30000     2.30000     8.00000   10000.00
  1590.33337   146.66667     4.30000     2.30000     8.00000   10000.00
  1592.00000   145.00000     4.30000     2.30000     8.00000   10000.00
  1593.66663   143.33333     4.30000     2.30000     8.00000   10000.00
  1595.33337   141.66667     4.30000     2.30000     8.00000   10000.00
  1597.00000   140.00000     4.30000     2.30000     8.00000   10000.00
  1598.66663   138.33333     4.30000     2.30000     8.00000   10000.00
  1600.33337   136.66667     4.30000     2.30000     8.00000   10000.00
  1602.00000   135.00000     4.30000     2.30000     8.00000   10000.00
  1603.66663   133.33333     4.30000     2.30000     8.00000   10000.00
  1605.33337   131.66667     4.30000     2.30000     8.00000   10000.00
  1607.00000   130.00000     4.30000     2.30000     8.00000   10000.00
  1608.66663   128.33333     4.30000     2.30000     8.00000   10000.00
  1610.33337   126.66667     4.30000     2.30000     8.00000   10000.00
  1612.00000   125.00000     4.30000     2.30000     8.00000   10000.00
  1613.66663   123.33333     4.30000     2.30000     8.00000   10000.00
  1615.33337   121.66667     4.30000     2.30000     8.00000   10000.00
  1617.00000   120.00000     4.30000     2.30000     8.00000   10000.00
  1618.25000   118.75000     4.30000     2.30000     8.00000   10000.00
  1619.50000   117.50000     4.30000     2.30000     8.00000   10000.00
  1620.75000   116.25000     4.30000     2.30000     8.00000   10000.00
  1622.00000   115.00000     4.30000     2.30000     8.00000   10000.00
  1623.25000   113.75000     4.30000     2.30000     8.00000   10000.00
  1624.50000   112.50000     4.30000     2.30000     8.00000   10000.00
  1625.75000   111.25000     4.30000     2.30000     8.00000   10000.00
  1627.00000   110.00000     4.30000     2.30000     8.00000   10000.00
  1628.25000   108.75000     4.30000     2.30000     8.00000   10000.00
  1629.50000   107.50000     4.30000     2.30000     8.00000   10000.00
  1630.75000   106.25000     4.30000     2.30000     8.00000   10000.00
  1632.00000   105.00000     4.30000     2.30000     8.00000   10000.00
  1633.25000   103.75000     4.30000     2.30000     8.00000   10000.00
  1634.50000   102.50000     4.30000     2.30000     8.00000   10000.00
  1635.75000   101.25000     4.30000     2.30000     8.00000   10000.00
  1637.00000   100.00000     4.30000     2.30000     8.00000   10000.00
  1638.25000    98.75000     4.30000     2.30000     8.00000   10000.00
  1639.50000    97.50000     4.30000     2.30000     8.00000   10000.00
  1640.75000    96.25000     4.30000     2.30000     8.00000   10000.00
  1642.00000    95.00000     4.30000     2.30000     8.00000   10000.00
  1643.25000    93.75000     4.30000     2.30000     8.00000   10000.00
  1644.50000    92.50000     4.30000     2.30000     8.00000   10000.00
  1645.75000    91.25000     4.30000     2.30000     8.00000   10000.00
  1647.00000    90.00000     4.30000     2.30000     8.00000   10000.00
  1648.25000    88.75000     4.30000     2.30000     8.00000   10000.00
  1649.50000    87.50000     4.30000     2.30000     8.00000   10000.00
  1650.75000    86.25000     4.30000     2.30000     8.00000   10000.00
  1652.00000    85.00000     4.30000     2.30000     8.00000   10000.00
  1653.25000    83.75000     4.30000     2.30000     8.00000   10000.00
  1654.50000    82.50000     4.30000     2.30000     8.00000   10000.00
  1655.75000    81.25000     4.30000     2.30000     8.00000   10000.00
  1657.00000    80.00000     4.30000     2.30000     8.00000   10000.00
  1657.81628    79.18367     4.30000     2.30000     8.00000   10000.00
  1658.63269    78.36735     4.30000     2.30000     8.00000   10000.00
  1659.44897    77.55102     4.30000     2.30000     8.00000   10000.00
  1660.26526    76.73470     4.30000     2.30000     8.00000   10000.00
  1661.08167    75.91837     4.30000     2.30000     8.00000   10000.00
  1661.89795    75.10204     4.30000     2.30000     8.00000   10000.00
  1662.71423    74.28571     4.30000     2.30000     8.00000   10000.00
  1663.53064    73.46939     4.30000     2.30000     8.00000   10000.00
  1664.34692    72.65306     4.30000     2.30000     8.00000   10000.00
  1665.16321    71.83673     4.30000     2.30000     8.00000   10000.00
  1665.97961    71.02041     4.30000     2.30000     8.00000   10000.00
  1666.79590    70.20408     4.30000     2.30000     8.00000   10000.00
  1667.61230    69.38776     4.30000     2.30000     8.00000   10000.00
  1668.42859    68.57143     4.30000     2.30000     8.00000   10000.00
  1669.24487    67.75510     4.30000     2.30000     8.00000   10000.00
  1670.06128    66.93877     4.30000     2.30000     8.00000   10000.00
  1670.87756    66.12245     4.30000     2.30000     8.00000   10000.00
  1671.69385    65.30612     4.30000     2.30000     8.00000   10000.00
  1672.51025    64.48979     4.30000     2.30000     8.00000   10000.00
  1673.32654    63.67347     4.30000     2.30000     8.00000   10000.00
  1674.14282    62.85714     4.30000     2.30000     8.00000   10000.00
  1674.95923    62.04082     4.30000     2.30000     8.00000   10000.00
  1675.77551    61.22449     4.30000     2.30000     8.00000   10000.00
  1676.59180    60.40816     4.30000     2.30000     8.00000   10000.00
  1677.40820    59.59184     4.30000     2.30000     8.00000   10000.00
  1678.22449    58.77551     4.30000     2.30000     8.00000   10000.00
  1679.04077    57.95918     4.30000     2.30000     8.00000   10000.00
  1679.85718    57.14286     4.30000     2.30000     8.00000   10000.00
  1680.67346    56.32653     4.30000     2.30000     8.00000   10000.00
  1681.48975    55.51020     4.30000     2.30000     8.00000   10000.00
  1682.30615    54.69388     4.30000     2.30000     8.00000   10000.00
  1683.12244    53.87755     4.30000     2.30000     8.00000   10000.00
  1683.93872    53.06123     4.30000     2.30000     8.00000   10000.00
  1684.75513    52.24490     4.30000     2.30000     8.00000   10000.00
  1685.57141    51.42857     4.30000     2.30000     8.00000   10000.00
  1686.38770    50.61224     4.30000     2.30000     8.00000   10000.00
  1687.20410    49.79592     4.30000     2.30000     8.00000   10000.00
  1688.02039    48.97959     4.30000     2.30000     8.00000   10000.00
  1688.83679    48.16327     4.30000     2.30000     8.00000   10000.00
  1689.65308    47.34694     4.30000     2.30000     8.00000   10000.00
  1690.46936    46.53061     4.30000     2.30000     8.00000   10000.00
  1691.28577    45.71429     4.30000     2.30000     8.00000   10000.00
  1692.10205    44.89796     4.30000     2.30000     8.00000   10000.00
  1692.91833    44.08163     4.30000     2.30000     8.00000   10000.00
  1693.73474    43.26530     4.30000     2.30000     8.00000   10000.00
  1694.55103    42.44898     4.30000     2.30000     8.00000   10000.00
  1695.36731    41.63265     4.30000     2.30000     8.00000   10000.00
  1696.18372    40.81633     4.30000     2.30000     8.00000   10000.00
  1697.00000    40.00000     4.30000     2.30000     8.00000   10000.00
  1697.09998    39.90000     4.30000     2.30000     8.00000   10000.00
  1697.19995    39.80000     4.30000     2.30000     8.00000   10000.00
  1697.30005    39.70000     4.30000     2.30000     8.00000   10000.00
  1697.40002    39.60000     4.30000     2.30000     8.00000   10000.00
  1697.50000    39.50000     4.30000     2.30000     8.00000   10000.00
  1697.59998    39.40000     4.30000     2.30000     8.00000   10000.00
  1697.69995    39.30000     4.30000     2.30000     8.00000   10000.00
  1697.80005    39.20000     4.30000     2.30000     8.00000   10000.00
  1697.90002    39.10000     4.30000     2.30000     8.00000   10000.00
  1698.00000    39.00000     4.30000     2.30000     8.00000   10000.00
  1698.09998    38.90000     4.30000     2.30000     8.00000   10000.00
  1698.19995    38.80000     4.30000     2.30000     8.00000   10000.00
  1698.30005    38.70000     4.30000     2.30000     8.00000   10000.00
  1698.40002    38.60000     4.30000     2.30000     8.00000   10000.00
  1698.50000    38.50000     4.30000     2.30000     8.00000   10000.00
  1698.59998    38.40000     4.30000     2.30000     8.00000   10000.00
  1698.69995    38.30000     4.30000     2.30000     8.00000   10000.00
  1698.80005    38.20000     4.30000     2.30000     8.00000   10000.00
  1698.90002    38.10000     4.30000     2.30000     8.00000   10000.00
  1699.00000    38.00000     4.30000     2.30000     8.00000   10000.00
  1699.09998    37.90000     4.30000     2.30000     8.00000   10000.00
  1699.19995    37.80000     4.30000     2.30000     8.00000   10000.00
  1699.30005    37.70000     4.30000     2.30000     8.00000   10000.00
  1699.40002    37.60000     4.30000     2.30000     8.00000   10000.00
  1699.50000    37.50000     4.30000     2.30000     8.00000   10000.00
  1699.59998    37.40000     4.30000     2.30000     8.00000   10000.00
  1699.69995    37.30000     4.30000     2.30000     8.00000   10000.00
  1699.80005    37.20000     4.30000     2.30000     8.00000   10000.00
  1699.90002    37.10000     4.30000     2.30000     8.00000   10000.00
  1700.00000    37.00000     4.30000     2.30000     8.00000   10000.00
  1700.09998    36.90000     4.30000     2.30000     8.00000   10000.00
  1700.19995    36.80000     4.30000     2.30000     8.00000   10000.00
  1700.30005    36.70000     4.30000     2.30000     8.00000   10000.00
  1700.40002    36.60000     4.30000     2.30000     8.00000   10000.00
  1700.50000    36.50000     4.30000     2.30000     8.00000   10000.00
  1700.59998    36.40000     4.30000     2.30000     8.00000   10000.00
  1700.69995    36.30000     4.30000     2.30000     8.00000   10000.00
  1700.80005    36.20000     4.30000     2.30000     8.00000   10000.00
  1700.90002    36.10000     4.30000     2.30000     8.00000   10000.00
  1701.00000    36.00000     4.30000     2.30000     8.00000   10000.00
  1701.09998    35.90000     4.30000     2.30000     8.00000   10000.00
  1701.19995    35.80000     4.30000     2.30000     8.00000   10000.00
  1701.30005    35.70000     4.30000     2.30000     8.00000   10000.00
  1701.40002    35.60000     4.30000     2.30000     8.00000   10000.00
  1701.50000    35.50000     4.30000     2.30000     8.00000   10000.00
  1701.59998    35.40000     4.30000     2.30000     8.00000   10000.00
  1701.69995    35.30000     4.30000     2.30000     8.00000   10000.00
  1701.80005    35.20000     4.30000     2.30000     8.00000   10000.00
  1701.90002    35.10000     4.30000     2.30000     8.00000   10000.00
  1702.00000    35.00000     4.30000     2.30000     8.00000   10000.00
  1702.09998    34.90000     4.30000     2.30000     8.00000   10000.00
  1702.19995    34.80000     4.30000     2.30000     8.00000   10000.00
  1702.30005    34.70000     4.30000     2.30000     8.00000   10000.00
  1702.40002    34.60000     4.30000     2.30000     8.00000   10000.00
  1702.50000    34.50000     4.30000     2.30000     8.00000   10000.00
  1702.59998    34.40000     4.30000     2.30000     8.00000   10000.00
  1702.69995    34.30000     4.30000     2.30000     8.00000   10000.00
  1702.80005    34.20000     4.30000     2.30000     8.00000   10000.00
  1702.90002    34.10000     4.30000     2.30000     8.00000   10000.00
  1703.00000    34.00000     4.30000     2.30000     8.00000   10000.00
  1703.09998    33.90000     4.30000     2.30000     8.00000   10000.00
  1703.19995    33.80000     4.30000     2.30000     8.00000   10000.00
  1703.30005    33.70000     4.30000     2.30000     8.00000   10000.00
  1703.40002    33.60000     4.30000     2.30000     8.00000   10000.00
  1703.50000    33.50000     4.30000     2.30000     8.00000   10000.00
  1703.59998    33.40000     4.30000     2.30000     8.00000   10000.00
  1703.69995    33.30000     4.30000     2.30000     8.00000   10000.00
  1703.80005    33.20000     4.30000     2.30000     8.00000   10000.00
  1703.90002    33.10000     4.30000     2.30000     8.00000   10000.00
  1704.00000    33.00000     4.30000     2.30000     8.00000   10000.00
  1704.09998    32.90000     4.30000     2.30000     8.00000   10000.00
  1704.19995    32.80000     4.30000     2.30000     8.00000   10000.00
  1704.30005    32.70000     4.30000     2.30000     8.00000   10000.00
  1704.40002    32.60000     4.30000     2.30000     8.00000   10000.00
  1704.50000    32.50000     4.30000     2.30000     8.00000   10000.00
  1704.59998    32.40000     4.30000     2.30000     8.00000   10000.00
  1704.69995    32.30000     4.30000     2.30000     8.00000   10000.00
  1704.80005    32.20000     4.30000     2.30000     8.00000   10000.00
  1704.90002    32.10000     4.30000     2.30000     8.00000   10000.00
  1705.00000    32.00000     4.30000     2.30000     8.00000   10000.00
  1705.09998    31.90000     4.30000     2.30000     8.00000   10000.00
  1705.19995    31.80000     4.30000     2.30000     8.00000   10000.00
  1705.30005    31.70000     4.30000     2.30000     8.00000   10000.00
  1705.40002    31.60000     4.30000     2.30000     8.00000   10000.00
  1705.50000    31.50000     4.30000     2.30000     8.00000   10000.00
  1705.59998    31.40000     4.30000     2.30000     8.00000   10000.00
  1705.69995    31.30000     4.30000     2.30000     8.00000   10000.00
  1705.80005    31.20000     4.30000     2.30000     8.00000   10000.00
  1705.90002    31.10000     4.30000     2.30000     8.00000   10000.00
  1706.00000    31.00000     4.30000     2.30000     8.00000   10000.00
  1706.09998    30.90000     4.30000     2.30000     8.00000   10000.00
  1706.19995    30.80000     4.30000     2.30000     8.00000   10000.00
  1706.30005    30.70000     4.30000     2.30000     8.00000   10000.00
  1706.40002    30.60000     4.30000     2.30000     8.00000   10000.00
  1706.50000    30.50000     4.30000     2.30000     8.00000   10000.00
  1706.59998    30.40000     4.30000     2.30000     8.00000   10000.00
  1706.69995    30.30000     4.30000     2.30000     8.00000   10000.00
  1706.80005    30.20000     4.30000     2.30000     8.00000   10000.00
  1706.90002    30.10000     4.30000     2.30000     8.00000   10000.00
  1707.00000    30.00000     4.30000     2.30000     8.00000   10000.00
  1707.09998    29.90000     4.30000     2.30000     8.00000   10000.00
  1707.19995    29.80000     4.30000     2.30000     8.00000   10000.00
  1707.30005    29.70000     4.30000     2.30000     8.00000   10000.00
  1707.40002    29.60000     4.30000     2.30000     8.00000   10000.00
  1707.50000    29.50000     4.30000     2.30000     8.00000   10000.00
  1707.59998    29.40000     4.30000     2.30000     8.00000   10000.00
  1707.69995    29.30000     4.30000     2.30000     8.00000   10000.00
  1707.80005    29.20000     4.30000     2.30000     8.00000   10000.00
  1707.90002    29.10000     4.30000     2.30000     8.00000   10000.00
  1708.00000    29.00000     4.30000     2.30000     8.00000   10000.00
  1708.09998    28.90000     4.30000     2.30000     8.00000   10000.00
  1708.19995    28.80000     4.30000     2.30000     8.00000   10000.00
  1708.30005    28.70000     4.30000     2.30000     8.00000   10000.00
  1708.40002    28.60000     4.30000     2.30000     8.00000   10000.00
  1708.50000    28.50000     4.30000     2.30000     8.00000   10000.00
  1708.59998    28.40000     4.30000     2.30000     8.00000   10000.00
  1708.69995    28.30000     4.30000     2.30000     8.00000   10000.00
  1708.80005    28.20000     4.30000     2.30000     8.00000   10000.00
  1708.90002    28.10000     4.30000     2.30000     8.00000   10000.00
  1709.00000    28.00000     4.30000     2.30000     8.00000   10000.00
  1709.09998    27.90000     4.30000     2.30000     8.00000   10000.00
  1709.19995    27.80000     4.30000     2.30000     8.00000   10000.00
  1709.30005    27.70000     4.30000     2.30000     8.00000   10000.00
  1709.40002    27.60000     4.30000     2.30000     8.00000   10000.00
  1709.50000    27.50000     4.30000     2.30000     8.00000   10000.00
  1709.59998    27.40000     4.30000     2.30000     8.00000   10000.00
  1709.69995    27.30000     4.30000     2.30000     8.00000   10000.00
  1709.80005    27.20000     4.30000     2.30000     8.00000   10000.00
  1709.90002    27.10000     4.30000     2.30000     8.00000   10000.00
  1710.00000    27.00000     4.30000     2.30000     8.00000   10000.00
  1710.09998    26.90000     4.30000     2.30000     8.00000   10000.00
  1710.19995    26.80000     4.30000     2.30000     8.00000   10000.00
  1710.30005    26.70000     4.30000     2.30000     8.00000   10000.00
  1710.40002    26.60000     4.30000     2.30000     8.00000   10000.00
  1710.50000    26.50000     4.30000     2.30000     8.00000   10000.00
  1710.59998    26.40000     4.30000     2.30000     8.00000   10000.00
  1710.69995    26.30000     4.30000     2.30000     8.00000   10000.00
  1710.80005    26.20000     4.30000     2.30000     8.00000   10000.00
  1710.90002    26.10000     4.30000     2.30000     8.00000   10000.00
  1711.00000    26.00000     4.30000     2.30000     8.00000   10000.00
  1711.09998    25.90000     4.30000     2.30000     8.00000   10000.00
  1711.19995    25.80000     4.30000     2.30000     8.00000   10000.00
  1711.30005    25.70000     4.30000     2.30000     8.00000   10000.00
  1711.40002    25.60000     4.30000     2.30000     8.00000   10000.00
  1711.50000    25.50000     4.30000     2.30000     8.00000   10000.00
  1711.59998    25.40000     4.30000     2.30000     8.00000   10000.00
  1711.69995    25.30000     4.30000     2.30000     8.00000   10000.00
  1711.80005    25.20000     4.30000     2.30000     8.00000   10000.00
  1711.90002    25.10000     4.30000     2.30000     8.00000   10000.00
  1712.00000    25.00000     4.30000     2.30000     8.00000   10000.00
  1712.09998    24.90000     4.30000     2.30000     8.00000   10000.00
  1712.19995    24.80000     4.30000     2.30000     8.00000   10000.00
  1712.30005    24.70000     4.30000     2.30000     8.00000   10000.00
  1712.40002    24.60000     4.30000     2.30000     8.00000   10000.00
  1712.50000    24.50000     4.30000     2.30000     8.00000   10000.00
  1712.59998    24.40000     4.30000     2.30000     8.00000   10000.00
  1712.69995    24.30000     4.30000     2.30000     8.00000   10000.00
  1712.80005    24.20000     4.30000     2.30000     8.00000   10000.00
  1712.90002    24.10000     4.30000     2.30000     8.00000   10000.00
  1713.00000    24.00000     4.30000     2.30000     8.00000   10000.00
  1713.09998    23.90000     4.30000     2.30000     8.00000   10000.00
  1713.19995    23.80000     4.30000     2.30000     8.00000   10000.00
  1713.30005    23.70000     4.30000     2.30000     8.00000   10000.00
  1713.40002    23.60000     4.30000     2.30000     8.00000   10000.00
  1713.50000    23.50000     4.30000     2.30000     8.00000   10000.00
  1713.59998    23.40000     4.30000     2.30000     8.00000   10000.00
  1713.69995    23.30000     4.30000     2.30000     8.00000   10000.00
  1713.80005    23.20000     4.30000     2.30000     8.00000   10000.00
  1713.90002    23.10000     4.30000     2.30000     8.00000   10000.00
  1714.00000    23.00000     4.30000     2.30000     8.00000   10000.00
  1714.09998    22.90000     4.30000     2.30000     8.00000   10000.00
  1714.19995    22.80000     4.30000     2.30000     8.00000   10000.00
  1714.30005    22.70000     4.30000     2.30000     8.00000   10000.00
  1714.40002    22.60000     4.30000     2.30000     8.00000   10000.00
  1714.50000    22.50000     4.30000     2.30000     8.00000   10000.00
  1714.59998    22.40000     4.30000     2.30000     8.00000   10000.00
  1714.69995    22.30000     4.30000     2.30000     8.00000   10000.00
  1714.80005    22.20000     4.30000     2.30000     8.00000   10000.00
  1714.90002    22.10000     4.30000     2.30000     8.00000   10000.00
  1715.00000    22.00000     4.30000     2.30000     8.00000   10000.00
  1715.09998    21.90000     4.30000     2.30000     8.00000   10000.00
  1715.19995    21.80000     4.30000     2.30000     8.00000   10000.00
  1715.30005    21.70000     4.30000     2.30000     8.00000   10000.00
  1715.40002    21.60000     4.30000     2.30000     8.00000   10000.00
  1715.50000    21.50000     4.30000     2.30000     8.00000   10000.00
  1715.59998    21.40000     4.30000     2.30000     8.00000   10000.00
  1715.69995    21.30000     4.30000     2.30000     8.00000   10000.00
  1715.80005    21.20000     4.30000     2.30000     8.00000   10000.00
  1715.90002    21.10000     4.30000     2.30000     8.00000   10000.00
  1716.00000    21.00000     4.30000     2.30000     8.00000   10000.00
  1716.09998    20.90000     4.30000     2.30000     8.00000   10000.00
  1716.19995    20.80000     4.30000     2.30000     8.00000   10000.00
  1716.30005    20.70000     4.30000     2.30000     8.00000   10000.00
  1716.40002    20.60000     4.30000     2.30000     8.00000   10000.00
  1716.50000    20.50000     4.30000     2.30000     8.00000   10000.00
  1716.59998    20.40000     4.30000     2.30000     8.00000   10000.00
  1716.69995    20.30000     4.30000     2.30000     8.00000   10000.00
  1716.80005    20.20000     4.30000     2.30000     8.00000   10000.00
  1716.90002    20.10000     4.30000     2.30000     8.00000   10000.00
  1717.00000    20.00000     4.30000     2.30000     8.00000   10000.00
  1717.09998    19.90000     4.30000     2.30000     8.00000   10000.00
  1717.19995    19.80000     4.30000     2.30000     8.00000   10000.00
  1717.30005    19.70000     4.30000     2.30000     8.00000   10000.00
  1717.40002    19.60000     4.30000     2.30000     8.00000   10000.00
  1717.50000    19.50000     4.30000     2.30000     8.00000   10000.00
  1717.59998    19.40000     4.30000     2.30000     8.00000   10000.00
  1717.69995    19.30000     4.30000     2.30000     8.00000   10000.00
  1717.80005    19.20000     4.30000     2.30000     8.00000   10000.00
  1717.90002    19.10000     4.30000     2.30000     8.00000   10000.00
  1718.00000    19.00000     4.30000     2.30000     8.00000   10000.00
  1718.09998    18.90000     4.30000     2.30000     8.00000   10000.00
  1718.19995    18.80000     4.30000     2.30000     8.00000   10000.00
  1718.30005    18.70000     4.30000     2.30000     8.00000   10000.00
  1718.40002    18.60000     4.30000     2.30000     8.00000   10000.00
  1718.50000    18.50000     4.30000     2.30000     8.00000   10000.00
  1718.59998    18.40000     4.30000     2.30000     8.00000   10000.00
  1718.69995    18.30000     4.30000     2.30000     8.00000   10000.00
  1718.80005    18.20000     4.30000     2.30000     8.00000   10000.00
  1718.90002    18.10000     4.30000     2.30000     8.00000   10000.00
  1719.00000    18.00000     4.30000     2.30000     8.00000   10000.00
  1719.09998    17.90000     4.30000     2.30000     8.00000   10000.00
  1719.19995    17.80000     4.30000     2.30000     8.00000   10000.00
  1719.30005    17.70000     4.30000     2.30000     8.00000   10000.00
  1719.40002    17.60000     4.30000     2.30000     8.00000   10000.00
  1719.50000    17.50000     4.30000     2.30000     8.00000   10000.00
  1719.59998    17.40000     4.30000     2.30000     8.00000   10000.00
  1719.69995    17.30000     4.30000     2.30000     8.00000   10000.00
  1719.80005    17.20000     4.30000     2.30000     8.00000   10000.00
  1719.90002    17.10000     4.30000     2.30000     8.00000   10000.00
  1720.00000    17.00000     4.30000     2.30000     8.00000   10000.00
  1720.09998    16.90000     4.30000     2.30000     8.00000   10000.00
  1720.19995    16.80000     4.30000     2.30000     8.00000   10000.00
  1720.30005    16.70000     4.30000     2.30000     8.00000   10000.00
  1720.40002    16.60000     4.30000     2.30000     8.00000   10000.00
  1720.50000    16.50000     4.30000     2.30000     8.00000   10000.00
  1720.59998    16.40000     4.30000     2.30000     8.00000   10000.00
  1720.69995    16.30000     4.30000     2.30000     8.00000   10000.00
  1720.80005    16.20000     4.30000     2.30000     8.00000   10000.00
  1720.90002    16.10000     4.30000     2.30000     8.00000   10000.00
  1721.00000    16.00000     4.30000     2.30000     8.00000   10000.00
  1721.09998    15.90000     4.30000     2.30000     8.00000   10000.00
  1721.19995    15.80000     4.30000     2.30000     8.00000   10000.00
  1721.30005    15.70000     4.30000     2.30000     8.00000   10000.00
  1721.40002    15.60000     4.30000     2.30000     8.00000   10000.00
  1721.50000    15.50000     4.30000     2.30000     8.00000   10000.00
  1721.59998    15.40000     4.30000     2.30000     8.00000   10000.00
  1721.69995    15.30000     4.30000     2.30000     8.00000   10000.00
  1721.80005    15.20000     4.30000     2.30000     8.00000   10000.00
  1721.90002    15.10000     4.30000     2.30000     8.00000   10000.00
  1722.00000    15.00000     4.30000     2.30000     8.00000   10000.00
  1722.09998    14.90000     4.30000     2.30000     8.00000   10000.00
  1722.19995    14.80000     4.30000     2.30000     8.00000   10000.00
  1722.30005    14.70000     4.30000     2.30000     8.00000   10000.00
  1722.40002    14.60000     4.30000     2.30000     8.00000   10000.00
  1722.50000    14.50000     4.30000     2.30000     8.00000   10000.00
  1722.59998    14.40000     4.30000     2.30000     8.00000   10000.00
  1722.69995    14.30000     4.30000     2.30000     8.00000   10000.00
  1722.80005    14.20000     4.30000     2.30000     8.00000   10000.00
  1722.90002    14.10000     4.30000     2.30000     8.00000   10000.00
  1723.00000    14.00000     4.30000     2.30000     8.00000   10000.00
  1723.09998    13.90000     4.30000     2.30000     8.00000   10000.00
  1723.19995    13.80000     4.30000     2.30000     8.00000   10000.00
  1723.30005    13.70000     4.30000     2.30000     8.00000   10000.00
  1723.40002    13.60000     4.30000     2.30000     8.00000   10000.00
  1723.50000    13.50000     4.30000     2.30000     8.00000   10000.00
  1723.59998    13.40000     4.30000     2.30000     8.00000   10000.00
  1723.69995    13.30000     4.30000     2.30000     8.00000   10000.00
  1723.80005    13.20000     4.30000     2.30000     8.00000   10000.00
  1723.90002    13.10000     4.30000     2.30000     8.00000   10000.00
  1724.00000    13.00000     4.30000     2.30000     8.00000   10000.00
  1724.09998    12.90000     4.30000     2.30000     8.00000   10000.00
  1724.19995    12.80000     4.30000     2.30000     8.00000   10000.00
  1724.30005    12.70000     4.30000     2.30000     8.00000   10000.00
  1724.40002    12.60000     4.30000     2.30000     8.00000   10000.00
  1724.50000    12.50000     4.30000     2.30000     8.00000   10000.00
  1724.59998    12.40000     4.30000     2.30000     8.00000   10000.00
  1724.69995    12.30000     4.30000     2.30000     8.00000   10000.00
  1724.80005    12.20000     4.30000     2.30000     8.00000   10000.00
  1724.90002    12.10000     4.30000     2.30000     8.00000   10000.00
  1725.00000    12.00000     4.30000     2.30000     8.00000   10000.00
  1725.09998    11.90000     4.30000     2.30000     8.00000   10000.00
  1725.19995    11.80000     4.30000     2.30000     8.00000   10000.00
  1725.30005    11.70000     4.30000     2.30000     8.00000   10000.00
  1725.40002    11.60000     4.30000     2.30000     8.00000   10000.00
  1725.50000    11.50000     4.30000     2.30000     8.00000   10000.00
  1725.59998    11.40000     4.30000     2.30000     8.00000   10000.00
  1725.69995    11.30000     4.30000     2.30000     8.00000   10000.00
  1725.80005    11.20000     4.30000     2.30000     8.00000   10000.00
  1725.90002    11.10000     4.30000     2.30000     8.00000   10000.00
  1726.00000    11.00000     4.30000     2.30000     8.00000   10000.00
  1726.09998    10.90000     4.30000     2.30000     8.00000   10000.00
  1726.19995    10.80000     4.30000     2.30000     8.00000   10000.00
  1726.30005    10.70000     4.30000     2.30000     8.00000   10000.00
  1726.40002    10.60000     4.30000     2.30000     8.00000   10000.00
  1726.50000    10.50000     4.30000     2.30000     8.00000   10000.00
  1726.59998    10.40000     4.30000     2.30000     8.00000   10000.00
  1726.69995    10.30000     4.30000     2.30000     8.00000   10000.00
  1726.80005    10.20000     4.30000     2.30000     8.00000   10000.00
  1726.90002    10.10000     4.30000     2.30000     8.00000   10000.00
  1727.00000    10.00000     4.30000     2.30000     8.00000   10000.00
  1727.09998     9.90000     4.30000     2.30000     8.00000   10000.00
  1727.19995     9.80000     4.30000     2.30000     8.00000   10000.00
  1727.30005     9.70000     4.30000     2.30000     8.00000   10000.00
  1727.40002     9.60000     4.30000     2.30000     8.00000   10000.00
  1727.50000     9.50000     4.30000     2.30000     8.00000   10000.00
  1727.59998     9.40000     4.30000     2.30000     8.00000   10000.00
  1727.69995     9.30000     4.30000     2.30000     8.00000   10000.00
  1727.80005     9.20000     4.30000     2.30000     8.00000   10000.00
  1727.90002     9.10000     4.30000     2.30000     8.00000   10000.00
  1728.00000     9.00000     4.30000     2.30000     8.00000   10000.00
  1728.09998     8.90000     4.30000     2.30000     8.00000   10000.00
  1728.19995     8.80000     4.30000     2.30000     8.00000   10000.00
  1728.30005     8.70000     4.30000     2.30000     8.00000   10000.00
  1728.40002     8.60000     4.30000     2.30000     8.00000   10000.00
  1728.50000     8.50000     4.30000     2.30000     8.00000   10000.00
  1728.59998     8.40000     4.30000     2.30000     8.00000   10000.00
  1728.69995     8.30000     4.30000     2.30000     8.00000   10000.00
  1728.80005     8.20000     4.30000     2.30000     8.00000   10000.00
  1728.90002     8.10000     4.30000     2.30000     8.00000   10000.00
  1729.00000     8.00000     4.30000     2.30000     8.00000   10000.00
  1729.09998     7.90000     4.30000     2.30000     8.00000   10000.00
  1729.19995     7.80000     4.30000     2.30000     8.00000   10000.00
  1729.30005     7.70000     4.30000     2.30000     8.00000   10000.00
  1729.40002     7.60000     4.30000     2.30000     8.00000   10000.00
  1729.50000     7.50000     4.30000     2.30000     8.00000   10000.00
  1729.59998     7.40000     4.30000     2.30000     8.00000   10000.00
  1729.69995     7.30000     4.30000     2.30000     8.00000   10000.00
  1729.80005     7.20000     4.30000     2.30000     8.00000   10000.00
  1729.90002     7.10000     4.30000     2.30000     8.00000   10000.00
  1730.00000     7.00000     4.30000     2.30000     8.00000   10000.00
  1730.09998     6.90000     4.30000     2.30000     8.00000   10000.00
  1730.19995     6.80000     4.30000     2.30000     8.00000   10000.00
  1730.30005     6.70000     4.30000     2.30000     8.00000   10000.00
  1730.40002     6.60000     4.30000     2.30000     8.00000   10000.00
  1730.50000     6.50000     4.30000     2.30000     8.00000   10000.00
  1730.59998     6.40000     4.30000     2.30000     8.00000   10000.00
  1730.69995     6.30000     4.30000     2.30000     8.00000   10000.00
  1730.80005     6.20000     4.30000     2.30000     8.00000   10000.00
  1730.90002     6.10000     4.30000     2.30000     8.00000   10000.00
  1731.00000     6.00000     4.30000     2.30000     8.00000   10000.00
  1731.09998     5.90000     4.30000     2.30000     8.00000   10000.00
  1731.19995     5.80000     4.30000     2.30000     8.00000   10000.00
  1731.30005     5.70000     4.30000     2.30000     8.00000   10000.00
  1731.40002     5.60000     4.30000     2.30000     8.00000   10000.00
  1731.50000     5.50000     4.30000     2.30000     8.00000   10000.00
  1731.59998     5.40000     4.30000     2.30000     8.00000   10000.00
  1731.69995     5.30000     4.30000     2.30000     8.00000   10000.00
  1731.80005     5.20000     4.30000     2.30000     8.00000   10000.00
  1731.90002     5.10000     4.30000     2.30000     8.00000   10000.00
  1732.00000     5.00000     4.30000     2.30000     8.00000   10000.00
  1732.09998     4.90000     4.30000     2.30000     8.00000   10000.00
  1732.19995     4.80000     4.30000     2.30000     8.00000   10000.00
  1732.30005     4.70000     4.30000     2.30000     8.00000   10000.00
  1732.40002     4.60000     4.30000     2.30000     8.00000   10000.00
  1732.50000     4.50000     4.30000     2.30000     8.00000   10000.00
  1732.59998     4.40000     4.30000     2.30000     8.00000   10000.00
  1732.69995     4.30000     4.30000     2.30000     8.00000   10000.00
  1732.80005     4.20000     4.30000     2.30000     8.00000   10000.00
  1732.90002     4.10000     4.30000     2.30000     8.00000   10000.00
  1733.00000     4.00000     4.30000     2.30000     8.00000   10000.00
  1733.09998     3.90000     4.30000     2.30000     8.00000   10000.00
  1733.19995     3.80000     4.30000     2.30000     8.00000   10000.00
  1733.30005     3.70000     4.30000     2.30000     8.00000   10000.00
  1733.40002     3.60000     4.30000     2.30000     8.00000   10000.00
  1733.50000     3.50000     4.30000     2.30000     8.00000   10000.00
  1733.59998     3.40000     4.30000     2.30000     8.00000   10000.00
  1733.69995     3.30000     4.30000     2.30000     8.00000   10000.00
  1733.80005     3.20000     4.30000     2.30000     8.00000   10000.00
  1733.90002     3.10000     4.30000     2.30000     8.00000   10000.00
  1734.00000     3.00000     4.30000     2.30000     8.00000   10000.00
  1734.09998     2.90000     4.30000     2.30000     8.00000   10000.00
  1734.19995     2.80000     4.30000     2.30000     8.00000   10000.00
  1734.30005     2.70000     4.30000     2.30000     8.00000   10000.00
  1734.40002     2.60000     4.30000     2.30000     8.00000   10000.00
  1734.50000     2.50000     4.30000     2.30000     8.00000   10000.00
  1734.59998     2.40000     4.30000     2.30000     8.00000   10000.00
  1734.69995     2.30000     4.30000     2.30000     8.00000   10000.00
  1734.80005     2.20000     4.30000     2.30000     8.00000   10000.00
  1734.90002     2.10000     4.30000     2.30000     8.00000   10000.00
  1735.00000     2.00000     4.30000     2.30000     8.00000   10000.00
  1735.09998     1.90000     4.30000     2.30000     8.00000   10000.00
  1735.19995     1.80000     4.30000     2.30000     8.00000   10000.00
  1735.30005     1.70000     4.30000     2.30000     8.00000   10000.00
  1735.40002     1.60000     4.30000     2.30000     8.00000   10000.00
  1735.50000     1.50000     4.30000     2.30000     8.00000   10000.00
  1735.59998     1.40000     4.30000     2.30000     8.00000   10000.00
  1735.69995     1.30000     4.30000     2.30000     8.00000   10000.00
  1735.80005     1.20000     4.30000     2.30000     8.00000   10000.00
  1735.90002     1.10000     4.30000     2.30000     8.00000   10000.00
  1736.00000     1.00000     4.30000     2.30000     8.00000   10000.00
  1736.09998     0.90000     4.30000     2.30000     8.00000   10000.00
  1736.19995     0.80000     4.30000     2.30000     8.00000   10000.00
  1736.30005     0.70000     4.30000     2.30000     8.00000   10000.00
  1736.40002     0.60000     4.30000     2.30000     8.00000   10000.00
  1736.50000     0.50000     4.30000     2.30000     8.00000   10000.00
  1736.59998     0.40000     4.30000     2.30000     8.00000   10000.00
  1736.69995     0.30000     4.30000     2.30000     8.00000   10000.00
  1736.80005     0.20000     4.30000     2.30000     8.00000   10000.00
  1736.90002     0.10000     4.30000     2.30000     8.00000   10000.00
  1737.00000     0.00000     4.30000     2.30000     8.00000   10000.00
