     0.00000  1737.00000     1.00000     0.50000     2.60000   10125.00
     1.00000  1736.00000     1.00000     0.50000     2.60000   10125.00
     1.00000  1736.00000     3.20000     1.80000     2.70000   10125.00
    15.00000  1722.00000     3.20000     1.80000     2.70000   10125.00
    15.00000  1722.00000     5.50000     3.20000     2.80000   10125.00
    27.50000  1709.50000     5.50000     3.20000     2.80000   10125.00
    40.00000  1697.00000     5.50000     3.20000     2.80000   10125.00
    40.00000  1697.00000     7.70000     4.40000     3.30000   10125.00
    52.65000  1684.34998     7.70000     4.40000     3.30000   11812.50
    65.30000  1671.69995     7.70000     4.40000     3.30000   13500.00
    76.09376  1660.90625     7.70000     4.40000     3.30000   13500.00
    86.88751  1650.11243     7.70000     4.40000     3.30000   13500.00
    97.68126  1639.31860     7.70000     4.40000     3.30000   13500.00
   108.47501  1628.52490     7.70000     4.40000     3.30000   13500.00
   119.26876  1617.73120     7.70000     4.40000     3.30000   13500.00
   130.06250  1606.93750     7.70000     4.40000     3.30000   13500.00
   140.85625  1596.14368     7.70000     4.40000     3.30000   13500.00
   151.64999  1585.34998     7.70000     4.40000     3.30000   13500.00
   162.44374  1574.55627     7.70000     4.40000     3.30000   13500.00
   173.23749  1563.76245     7.70000     4.40000     3.30000   13500.00
   184.03125  1552.96875     7.70000     4.40000     3.30000   13500.00
   194.82500  1542.17505     7.70000     4.40000     3.30000   13500.00
   205.61874  1531.38135     7.70000     4.40000     3.30000   13500.00
   216.41251  1520.58752     7.70000     4.40000     3.30000   13500.00
   227.20625  1509.79370     7.70000     4.40000     3.30000   13500.00
   238.00000  1499.00000     7.70000     4.40000     3.30000   13500.00
   238.00000  1499.00000     7.80000     4.40000     3.40000   13500.00
   249.89999  1487.09998     7.80000     4.40000     3.40000   13500.00
   262.59998  1474.39990     7.80000     4.40000     3.40000    9281.00
   275.29999  1461.69995     7.80000     4.40000     3.40000    5062.00
   285.93500  1451.06494     7.80000     4.40000     3.40000    5062.00
   296.57001  1440.42993     7.80000     4.40000     3.40000    5062.00
   307.20499  1429.79492     7.80000     4.40000     3.40000    5062.00
   317.84000  1419.15991     7.80000     4.40000     3.40000    5062.00
   328.47501  1408.52490     7.80000     4.40000     3.40000    5062.00
   339.10999  1397.88989     7.80000     4.40000     3.40000    5062.00
   349.74500  1387.25500     7.80000     4.40000     3.40000    5062.00
   360.38000  1376.62000     7.80000     4.40000     3.40000    5062.00
   371.01501  1365.98499     7.80000     4.40000     3.40000    5062.00
   381.64999  1355.34998     7.80000     4.40000     3.40000    5062.00
   392.28497  1344.71497     7.80000     4.40000     3.40000    5062.00
   402.91998  1334.07996     7.80000     4.40000     3.40000    5062.00
   413.55499  1323.44495     7.80000     4.40000     3.40000    5062.00
   424.19000  1312.81006     7.80000     4.40000     3.40000    5062.00
   434.82498  1302.17505     7.80000     4.40000     3.40000    5062.00
   445.45999  1291.54004     7.80000     4.40000     3.40000    5062.00
   456.09500  1280.90503     7.80000     4.40000     3.40000    5062.00
   466.72998  1270.27002     7.80000     4.40000     3.40000    5062.00
   477.36499  1259.63501     7.80000     4.40000     3.40000    5062.00
   488.00000  1249.00000     7.80000     4.40000     3.40000    5062.00
   488.00000  1249.00000     7.60000     4.40000     3.40000    5062.00
   505.29999  1231.69995     7.60000     4.40000     3.40000    1688.00
   516.93500  1220.06494     7.60000     4.40000     3.40000    1688.00
   528.56995  1208.42993     7.60000     4.40000     3.40000    1688.00
   540.20496  1196.79492     7.60000     4.40000     3.40000    1688.00
   551.83997  1185.15991     7.60000     4.40000     3.40000    1688.00
   563.47498  1173.52490     7.60000     4.40000     3.40000    1688.00
   575.10999  1161.88989     7.60000     4.40000     3.40000    1688.00
   586.74500  1150.25500     7.60000     4.40000     3.40000    1688.00
   598.38000  1138.62000     7.60000     4.40000     3.40000    1688.00
   610.01501  1126.98499     7.60000     4.40000     3.40000    1688.00
   621.65002  1115.34998     7.60000     4.40000     3.40000    1688.00
   633.28497  1103.71497     7.60000     4.40000     3.40000    1688.00
   644.91998  1092.07996     7.60000     4.40000     3.40000    1688.00
   656.55499  1080.44495     7.60000     4.40000     3.40000    1688.00
   668.18994  1068.81006     7.60000     4.40000     3.40000    1688.00
   679.82495  1057.17505     7.60000     4.40000     3.40000    1688.00
   691.45996  1045.54004     7.60000     4.40000     3.40000    1688.00
   703.09497  1033.90503     7.60000     4.40000     3.40000    1688.00
   714.72998  1022.27002     7.60000     4.40000     3.40000    1688.00
   726.36499  1010.63501     7.60000     4.40000     3.40000    1688.00
   738.00000   999.00000     7.60000     4.40000     3.40000    1688.00
   738.00000   999.00000     8.50000     4.50000     3.40000    1688.00
   749.90002   987.09998     8.50000     4.50000     3.40000    1688.00
   762.59998   974.40002     8.50000     4.50000     3.40000    1350.00
   775.29999   961.70001     8.50000     4.50000     3.40000    1012.00
   785.33539   951.66461     8.50000     4.50000     3.40000    1012.00
   795.37085   941.62915     8.50000     4.50000     3.40000    1012.00
   805.40625   931.59375     8.50000     4.50000     3.40000    1012.00
   815.44165   921.55835     8.50000     4.50000     3.40000    1012.00
   825.47705   911.52295     8.50000     4.50000     3.40000    1012.00
   835.51245   901.48755     8.50000     4.50000     3.40000    1012.00
   845.54791   891.45209     8.50000     4.50000     3.40000    1012.00
   855.58331   881.41669     8.50000     4.50000     3.40000    1012.00
   865.61871   871.38129     8.50000     4.50000     3.40000    1012.00
   875.65417   861.34583     8.50000     4.50000     3.40000    1012.00
   885.68958   851.31042     8.50000     4.50000     3.40000    1012.00
   895.72498   841.27502     8.50000     4.50000     3.40000    1012.00
   905.76038   831.23962     8.50000     4.50000     3.40000    1012.00
   915.79578   821.20422     8.50000     4.50000     3.40000    1012.00
   925.83124   811.16876     8.50000     4.50000     3.40000    1012.00
   935.86664   801.13336     8.50000     4.50000     3.40000    1012.00
   945.90204   791.09796     8.50000     4.50000     3.40000    1012.00
   955.93750   781.06250     8.50000     4.50000     3.40000    1012.00
   965.97290   771.02710     8.50000     4.50000     3.40000    1012.00
   976.00830   760.99170     8.50000     4.50000     3.40000    1012.00
   986.04370   750.95630     8.50000     4.50000     3.40000    1012.00
   996.07916   740.92084     8.50000     4.50000     3.40000    1012.00
  1006.11462   730.88538     8.50000     4.50000     3.40000    1012.00
  1016.15002   720.84998     8.50000     4.50000     3.40000    1012.00
  1024.17834   712.82166     8.50000     4.50000     3.40000    1012.00
  1032.20667   704.79333     8.50000     4.50000     3.40000    1012.00
  1040.23499   696.76501     8.50000     4.50000     3.40000    1012.00
  1048.26331   688.73669     8.50000     4.50000     3.40000    1012.00
  1056.29163   680.70837     8.50000     4.50000     3.40000    1012.00
  1064.31995   672.68005     8.50000     4.50000     3.40000    1012.00
  1072.34827   664.65167     8.50000     4.50000     3.40000    1012.00
  1080.37671   656.62335     8.50000     4.50000     3.40000    1012.00
  1088.40503   648.59497     8.50000     4.50000     3.40000    1012.00
  1096.43335   640.56665     8.50000     4.50000     3.40000    1012.00
  1104.46167   632.53833     8.50000     4.50000     3.40000    1012.00
  1112.48999   624.51001     8.50000     4.50000     3.40000    1012.00
  1120.51831   616.48163     8.50000     4.50000     3.40000    1012.00
  1128.54663   608.45331     8.50000     4.50000     3.40000    1012.00
  1136.57495   600.42499     8.50000     4.50000     3.40000    1012.00
  1143.26526   593.73474     8.50000     4.50000     3.40000    1012.00
  1149.95557   587.04443     8.50000     4.50000     3.40000    1012.00
  1156.64575   580.35413     8.50000     4.50000     3.40000    1012.00
  1163.33606   573.66388     8.50000     4.50000     3.40000    1012.00
  1170.02637   566.97363     8.50000     4.50000     3.40000    1012.00
  1176.71667   560.28333     8.50000     4.50000     3.40000    1012.00
  1183.40698   553.59302     8.50000     4.50000     3.40000    1012.00
  1190.09729   546.90277     8.50000     4.50000     3.40000    1012.00
  1196.78760   540.21252     8.50000     4.50000     3.40000    1012.00
  1203.47778   533.52222     8.50000     4.50000     3.40000    1012.00
  1210.16809   526.83191     8.50000     4.50000     3.40000    1012.00
  1216.85840   520.14166     8.50000     4.50000     3.40000    1012.00
  1222.59290   514.40717     8.50000     4.50000     3.40000    1012.00
  1228.32739   508.67261     8.50000     4.50000     3.40000    1012.00
  1234.06189   502.93808     8.50000     4.50000     3.40000    1012.00
  1239.79651   497.20358     8.50000     4.50000     3.40000    1012.00
  1245.53101   491.46906     8.50000     4.50000     3.40000    1012.00
  1251.26550   485.73453     8.50000     4.50000     3.40000    1012.00
  1257.00000   480.00000     8.50000     4.50000     3.40000    1012.00
  1257.00000   480.00000     7.50000     3.20000     3.40000    1012.00
  1262.55554   474.44446     7.50000     3.20000     3.40000    1012.00
  1268.11108   468.88889     7.50000     3.20000     3.40000    1012.00
  1273.66663   463.33334     7.50000     3.20000     3.40000    1012.00
  1279.22217   457.77777     7.50000     3.20000     3.40000    1012.00
  1284.77783   452.22223     7.50000     3.20000     3.40000    1012.00
  1290.33337   446.66666     7.50000     3.20000     3.40000    1012.00
  1295.88892   441.11111     7.50000     3.20000     3.40000    1012.00
  1301.44446   435.55554     7.50000     3.20000     3.40000    1012.00
  1307.00000   430.00000     7.50000     3.20000     3.40000    1012.00
  1312.00000   425.00000     7.50000     3.20000     3.40000    1012.00
  1317.00000   420.00000     7.50000     3.20000     3.40000    1012.00
  1322.00000   415.00000     7.50000     3.20000     3.40000    1012.00
  1327.00000   410.00000     7.50000     3.20000     3.40000    1012.00
  1332.00000   405.00000     7.50000     3.20000     3.40000    1012.00
  1337.00000   400.00000     7.50000     3.20000     3.40000    1012.00
  1342.00000   395.00000     7.50000     3.20000     3.40000    1012.00
  1347.00000   390.00000     7.50000     3.20000     3.40000    1012.00
  1352.00000   385.00000     7.50000     3.20000     3.40000    1012.00
  1357.00000   380.00000     7.50000     3.20000     3.40000    1012.00
  1361.16663   375.83334     7.50000     3.20000     3.40000    1012.00
  1365.33337   371.66666     7.50000     3.20000     3.40000    1012.00
  1369.50000   367.50000     7.50000     3.20000     3.40000    1012.00
  1373.66663   363.33334     7.50000     3.20000     3.40000    1012.00
  1377.83337   359.16666     7.50000     3.20000     3.40000    1012.00
  1382.00000   355.00000     7.50000     3.20000     3.40000    1012.00
  1386.16663   350.83334     7.50000     3.20000     3.40000    1012.00
  1390.33337   346.66666     7.50000     3.20000     3.40000    1012.00
  1394.50000   342.50000     7.50000     3.20000     3.40000    1012.00
  1398.66663   338.33334     7.50000     3.20000     3.40000    1012.00
  1402.83337   334.16666     7.50000     3.20000     3.40000    1012.00
  1407.00000   330.00000     7.50000     3.20000     3.40000    1012.00
  1407.00000   330.00000     4.10000     0.00000     5.10000    1012.00
  1410.75000   326.25000     4.10000     0.00000     5.10000    1012.00
  1414.50000   322.50000     4.10000     0.00000     5.10000    1012.00
  1418.25000   318.75000     4.10000     0.00000     5.10000    1012.00
  1422.00000   315.00000     4.10000     0.00000     5.10000    1012.00
  1425.75000   311.25000     4.10000     0.00000     5.10000    1012.00
  1429.50000   307.50000     4.10000     0.00000     5.10000    1012.00
  1433.25000   303.75000     4.10000     0.00000     5.10000    1012.00
  1437.00000   300.00000     4.10000     0.00000     5.10000    1012.00
  1440.75000   296.25000     4.10000     0.00000     5.10000    1012.00
  1444.50000   292.50000     4.10000     0.00000     5.10000    1012.00
  1448.25000   288.75000     4.10000     0.00000     5.10000    1012.00
  1452.00000   285.00000     4.10000     0.00000     5.10000    1012.00
  1455.21423   281.78571     4.10000     0.00000     5.10000    1012.00
  1458.42859   278.57144     4.10000     0.00000     5.10000    1012.00
  1461.64282   275.35715     4.10000     0.00000     5.10000    1012.00
  1464.85718   272.14285     4.10000     0.00000     5.10000    1012.00
  1468.07141   268.92856     4.10000     0.00000     5.10000    1012.00
  1471.28577   265.71429     4.10000     0.00000     5.10000    1012.00
  1474.50000   262.50000     4.10000     0.00000     5.10000    1012.00
  1477.71423   259.28571     4.10000     0.00000     5.10000    1012.00
  1480.92859   256.07144     4.10000     0.00000     5.10000    1012.00
  1484.14282   252.85715     4.10000     0.00000     5.10000    1012.00
  1487.35718   249.64285     4.10000     0.00000     5.10000    1012.00
  1490.57141   246.42857     4.10000     0.00000     5.10000    1012.00
  1493.78577   243.21429     4.10000     0.00000     5.10000    1012.00
  1497.00000   240.00000     4.10000     0.00000     5.10000    1012.00
  1497.00000   240.00000     4.30000     2.30000     8.00000   15000.00
  1499.66663   237.33333     4.30000     2.30000     8.00000   15000.00
  1502.33337   234.66667     4.30000     2.30000     8.00000   15000.00
  1505.00000   232.00000     4.30000     2.30000     8.00000   15000.00
  1507.66663   229.33333     4.30000     2.30000     8.00000   15000.00
  1510.33337   226.66667     4.30000     2.30000     8.00000   15000.00
  1513.00000   224.00000     4.30000     2.30000     8.00000   15000.00
  1515.66663   221.33333     4.30000     2.30000     8.00000   15000.00
  1518.33337   218.66667     4.30000     2.30000     8.00000   15000.00
  1521.00000   216.00000     4.30000     2.30000     8.00000   15000.00
  1523.66663   213.33333     4.30000     2.30000     8.00000   15000.00
  1526.33337   210.66667     4.30000     2.30000     8.00000   15000.00
  1529.00000   208.00000     4.30000     2.30000     8.00000   15000.00
  1531.66663   205.33333     4.30000     2.30000     8.00000   15000.00
  1534.33337   202.66667     4.30000     2.30000     8.00000   15000.00
  1537.00000   200.00000     4.30000     2.30000     8.00000   15000.00
  1539.10522   197.89473     4.30000     2.30000     8.00000   15000.00
  1541.21057   195.78947     4.30000     2.30000     8.00000   15000.00
  1543.31580   193.68420     4.30000     2.30000     8.00000   15000.00
  1545.42102   191.57895     4.30000     2.30000     8.00000   15000.00
  1547.52637   189.47368     4.30000     2.30000     8.00000   15000.00
  1549.63159   187.36842     4.30000     2.30000     8.00000   15000.00
  1551.73682   185.26315     4.30000     2.30000     8.00000   15000.00
  1553.84216   183.15790     4.30000     2.30000     8.00000   15000.00
  1555.94739   181.05263     4.30000     2.30000     8.00000   15000.00
  1558.05261   178.94737     4.30000     2.30000     8.00000   15000.00
  1560.15784   176.84210     4.30000     2.30000     8.00000   15000.00
  1562.26318   174.73685     4.30000     2.30000     8.00000   15000.00
  1564.36841   172.63158     4.30000     2.30000     8.00000   15000.00
  1566.47363   170.52632     4.30000     2.30000     8.00000   15000.00
  1568.57898   168.42105     4.30000     2.30000     8.00000   15000.00
  1570.68420   166.31580     4.30000     2.30000     8.00000   15000.00
  1572.78943   164.21053     4.30000     2.30000     8.00000   15000.00
  1574.89478   162.10526     4.30000     2.30000     8.00000   15000.00
  1577.00000   160.00000     4.30000     2.30000     8.00000   15000.00
  1578.66663   158.33333     4.30000     2.30000     8.00000   15000.00
  1580.33337   156.66667     4.30000     2.30000     8.00000   15000.00
  1582.00000   155.00000     4.30000     2.30000     8.00000   15000.00
  1583.66663   153.33333     4.30000     2.30000     8.00000   15000.00
  1585.33337   151.66667     4.30000     2.30000     8.00000   15000.00
  1587.00000   150.00000     4.30000     2.30000     8.00000   15000.00
  1588.66663   148.33333     4.30000     2.30000     8.00000   15000.00
  1590.33337   146.66667     4.30000     2.30000     8.00000   15000.00
  1592.00000   145.00000     4.30000     2.30000     8.00000   15000.00
  1593.66663   143.33333     4.30000     2.30000     8.00000   15000.00
  1595.33337   141.66667     4.30000     2.30000     8.00000   15000.00
  1597.00000   140.00000     4.30000     2.30000     8.00000   15000.00
  1598.66663   138.33333     4.30000     2.30000     8.00000   15000.00
  1600.33337   136.66667     4.30000     2.30000     8.00000   15000.00
  1602.00000   135.00000     4.30000     2.30000     8.00000   15000.00
  1603.66663   133.33333     4.30000     2.30000     8.00000   15000.00
  1605.33337   131.66667     4.30000     2.30000     8.00000   15000.00
  1607.00000   130.00000     4.30000     2.30000     8.00000   15000.00
  1608.66663   128.33333     4.30000     2.30000     8.00000   15000.00
  1610.33337   126.66667     4.30000     2.30000     8.00000   15000.00
  1612.00000   125.00000     4.30000     2.30000     8.00000   15000.00
  1613.66663   123.33333     4.30000     2.30000     8.00000   15000.00
  1615.33337   121.66667     4.30000     2.30000     8.00000   15000.00
  1617.00000   120.00000     4.30000     2.30000     8.00000   15000.00
  1618.25000   118.75000     4.30000     2.30000     8.00000   15000.00
  1619.50000   117.50000     4.30000     2.30000     8.00000   15000.00
  1620.75000   116.25000     4.30000     2.30000     8.00000   15000.00
  1622.00000   115.00000     4.30000     2.30000     8.00000   15000.00
  1623.25000   113.75000     4.30000     2.30000     8.00000   15000.00
  1624.50000   112.50000     4.30000     2.30000     8.00000   15000.00
  1625.75000   111.25000     4.30000     2.30000     8.00000   15000.00
  1627.00000   110.00000     4.30000     2.30000     8.00000   15000.00
  1628.25000   108.75000     4.30000     2.30000     8.00000   15000.00
  1629.50000   107.50000     4.30000     2.30000     8.00000   15000.00
  1630.75000   106.25000     4.30000     2.30000     8.00000   15000.00
  1632.00000   105.00000     4.30000     2.30000     8.00000   15000.00
  1633.25000   103.75000     4.30000     2.30000     8.00000   15000.00
  1634.50000   102.50000     4.30000     2.30000     8.00000   15000.00
  1635.75000   101.25000     4.30000     2.30000     8.00000   15000.00
  1637.00000   100.00000     4.30000     2.30000     8.00000   15000.00
  1638.25000    98.75000     4.30000     2.30000     8.00000   15000.00
  1639.50000    97.50000     4.30000     2.30000     8.00000   15000.00
  1640.75000    96.25000     4.30000     2.30000     8.00000   15000.00
  1642.00000    95.00000     4.30000     2.30000     8.00000   15000.00
  1643.25000    93.75000     4.30000     2.30000     8.00000   15000.00
  1644.50000    92.50000     4.30000     2.30000     8.00000   15000.00
  1645.75000    91.25000     4.30000     2.30000     8.00000   15000.00
  1647.00000    90.00000     4.30000     2.30000     8.00000   15000.00
  1648.25000    88.75000     4.30000     2.30000     8.00000   15000.00
  1649.50000    87.50000     4.30000     2.30000     8.00000   15000.00
  1650.75000    86.25000     4.30000     2.30000     8.00000   15000.00
  1652.00000    85.00000     4.30000     2.30000     8.00000   15000.00
  1653.25000    83.75000     4.30000     2.30000     8.00000   15000.00
  1654.50000    82.50000     4.30000     2.30000     8.00000   15000.00
  1655.75000    81.25000     4.30000     2.30000     8.00000   15000.00
  1657.00000    80.00000     4.30000     2.30000     8.00000   15000.00
  1657.81628    79.18367     4.30000     2.30000     8.00000   15000.00
  1658.63269    78.36735     4.30000     2.30000     8.00000   15000.00
  1659.44897    77.55102     4.30000     2.30000     8.00000   15000.00
  1660.26526    76.73470     4.30000     2.30000     8.00000   15000.00
  1661.08167    75.91837     4.30000     2.30000     8.00000   15000.00
  1661.89795    75.10204     4.30000     2.30000     8.00000   15000.00
  1662.71423    74.28571     4.30000     2.30000     8.00000   15000.00
  1663.53064    73.46939     4.30000     2.30000     8.00000   15000.00
  1664.34692    72.65306     4.30000     2.30000     8.00000   15000.00
  1665.16321    71.83673     4.30000     2.30000     8.00000   15000.00
  1665.97961    71.02041     4.30000     2.30000     8.00000   15000.00
  1666.79590    70.20408     4.30000     2.30000     8.00000   15000.00
  1667.61230    69.38776     4.30000     2.30000     8.00000   15000.00
  1668.42859    68.57143     4.30000     2.30000     8.00000   15000.00
  1669.24487    67.75510     4.30000     2.30000     8.00000   15000.00
  1670.06128    66.93877     4.30000     2.30000     8.00000   15000.00
  1670.87756    66.12245     4.30000     2.30000     8.00000   15000.00
  1671.69385    65.30612     4.30000     2.30000     8.00000   15000.00
  1672.51025    64.48979     4.30000     2.30000     8.00000   15000.00
  1673.32654    63.67347     4.30000     2.30000     8.00000   15000.00
  1674.14282    62.85714     4.30000     2.30000     8.00000   15000.00
  1674.95923    62.04082     4.30000     2.30000     8.00000   15000.00
  1675.77551    61.22449     4.30000     2.30000     8.00000   15000.00
  1676.59180    60.40816     4.30000     2.30000     8.00000   15000.00
  1677.40820    59.59184     4.30000     2.30000     8.00000   15000.00
  1678.22449    58.77551     4.30000     2.30000     8.00000   15000.00
  1679.04077    57.95918     4.30000     2.30000     8.00000   15000.00
  1679.85718    57.14286     4.30000     2.30000     8.00000   15000.00
  1680.67346    56.32653     4.30000     2.30000     8.00000   15000.00
  1681.48975    55.51020     4.30000     2.30000     8.00000   15000.00
  1682.30615    54.69388     4.30000     2.30000     8.00000   15000.00
  1683.12244    53.87755     4.30000     2.30000     8.00000   15000.00
  1683.93872    53.06123     4.30000     2.30000     8.00000   15000.00
  1684.75513    52.24490     4.30000     2.30000     8.00000   15000.00
  1685.57141    51.42857     4.30000     2.30000     8.00000   15000.00
  1686.38770    50.61224     4.30000     2.30000     8.00000   15000.00
  1687.20410    49.79592     4.30000     2.30000     8.00000   15000.00
  1688.02039    48.97959     4.30000     2.30000     8.00000   15000.00
  1688.83679    48.16327     4.30000     2.30000     8.00000   15000.00
  1689.65308    47.34694     4.30000     2.30000     8.00000   15000.00
  1690.46936    46.53061     4.30000     2.30000     8.00000   15000.00
  1691.28577    45.71429     4.30000     2.30000     8.00000   15000.00
  1692.10205    44.89796     4.30000     2.30000     8.00000   15000.00
  1692.91833    44.08163     4.30000     2.30000     8.00000   15000.00
  1693.73474    43.26530     4.30000     2.30000     8.00000   15000.00
  1694.55103    42.44898     4.30000     2.30000     8.00000   15000.00
  1695.36731    41.63265     4.30000     2.30000     8.00000   15000.00
  1696.18372    40.81633     4.30000     2.30000     8.00000   15000.00
  1697.00000    40.00000     4.30000     2.30000     8.00000   15000.00
  1697.09998    39.90000     4.30000     2.30000     8.00000   15000.00
  1697.19995    39.80000     4.30000     2.30000     8.00000   15000.00
  1697.30005    39.70000     4.30000     2.30000     8.00000   15000.00
  1697.40002    39.60000     4.30000     2.30000     8.00000   15000.00
  1697.50000    39.50000     4.30000     2.30000     8.00000   15000.00
  1697.59998    39.40000     4.30000     2.30000     8.00000   15000.00
  1697.69995    39.30000     4.30000     2.30000     8.00000   15000.00
  1697.80005    39.20000     4.30000     2.30000     8.00000   15000.00
  1697.90002    39.10000     4.30000     2.30000     8.00000   15000.00
  1698.00000    39.00000     4.30000     2.30000     8.00000   15000.00
  1698.09998    38.90000     4.30000     2.30000     8.00000   15000.00
  1698.19995    38.80000     4.30000     2.30000     8.00000   15000.00
  1698.30005    38.70000     4.30000     2.30000     8.00000   15000.00
  1698.40002    38.60000     4.30000     2.30000     8.00000   15000.00
  1698.50000    38.50000     4.30000     2.30000     8.00000   15000.00
  1698.59998    38.40000     4.30000     2.30000     8.00000   15000.00
  1698.69995    38.30000     4.30000     2.30000     8.00000   15000.00
  1698.80005    38.20000     4.30000     2.30000     8.00000   15000.00
  1698.90002    38.10000     4.30000     2.30000     8.00000   15000.00
  1699.00000    38.00000     4.30000     2.30000     8.00000   15000.00
  1699.09998    37.90000     4.30000     2.30000     8.00000   15000.00
  1699.19995    37.80000     4.30000     2.30000     8.00000   15000.00
  1699.30005    37.70000     4.30000     2.30000     8.00000   15000.00
  1699.40002    37.60000     4.30000     2.30000     8.00000   15000.00
  1699.50000    37.50000     4.30000     2.30000     8.00000   15000.00
  1699.59998    37.40000     4.30000     2.30000     8.00000   15000.00
  1699.69995    37.30000     4.30000     2.30000     8.00000   15000.00
  1699.80005    37.20000     4.30000     2.30000     8.00000   15000.00
  1699.90002    37.10000     4.30000     2.30000     8.00000   15000.00
  1700.00000    37.00000     4.30000     2.30000     8.00000   15000.00
  1700.09998    36.90000     4.30000     2.30000     8.00000   15000.00
  1700.19995    36.80000     4.30000     2.30000     8.00000   15000.00
  1700.30005    36.70000     4.30000     2.30000     8.00000   15000.00
  1700.40002    36.60000     4.30000     2.30000     8.00000   15000.00
  1700.50000    36.50000     4.30000     2.30000     8.00000   15000.00
  1700.59998    36.40000     4.30000     2.30000     8.00000   15000.00
  1700.69995    36.30000     4.30000     2.30000     8.00000   15000.00
  1700.80005    36.20000     4.30000     2.30000     8.00000   15000.00
  1700.90002    36.10000     4.30000     2.30000     8.00000   15000.00
  1701.00000    36.00000     4.30000     2.30000     8.00000   15000.00
  1701.09998    35.90000     4.30000     2.30000     8.00000   15000.00
  1701.19995    35.80000     4.30000     2.30000     8.00000   15000.00
  1701.30005    35.70000     4.30000     2.30000     8.00000   15000.00
  1701.40002    35.60000     4.30000     2.30000     8.00000   15000.00
  1701.50000    35.50000     4.30000     2.30000     8.00000   15000.00
  1701.59998    35.40000     4.30000     2.30000     8.00000   15000.00
  1701.69995    35.30000     4.30000     2.30000     8.00000   15000.00
  1701.80005    35.20000     4.30000     2.30000     8.00000   15000.00
  1701.90002    35.10000     4.30000     2.30000     8.00000   15000.00
  1702.00000    35.00000     4.30000     2.30000     8.00000   15000.00
  1702.09998    34.90000     4.30000     2.30000     8.00000   15000.00
  1702.19995    34.80000     4.30000     2.30000     8.00000   15000.00
  1702.30005    34.70000     4.30000     2.30000     8.00000   15000.00
  1702.40002    34.60000     4.30000     2.30000     8.00000   15000.00
  1702.50000    34.50000     4.30000     2.30000     8.00000   15000.00
  1702.59998    34.40000     4.30000     2.30000     8.00000   15000.00
  1702.69995    34.30000     4.30000     2.30000     8.00000   15000.00
  1702.80005    34.20000     4.30000     2.30000     8.00000   15000.00
  1702.90002    34.10000     4.30000     2.30000     8.00000   15000.00
  1703.00000    34.00000     4.30000     2.30000     8.00000   15000.00
  1703.09998    33.90000     4.30000     2.30000     8.00000   15000.00
  1703.19995    33.80000     4.30000     2.30000     8.00000   15000.00
  1703.30005    33.70000     4.30000     2.30000     8.00000   15000.00
  1703.40002    33.60000     4.30000     2.30000     8.00000   15000.00
  1703.50000    33.50000     4.30000     2.30000     8.00000   15000.00
  1703.59998    33.40000     4.30000     2.30000     8.00000   15000.00
  1703.69995    33.30000     4.30000     2.30000     8.00000   15000.00
  1703.80005    33.20000     4.30000     2.30000     8.00000   15000.00
  1703.90002    33.10000     4.30000     2.30000     8.00000   15000.00
  1704.00000    33.00000     4.30000     2.30000     8.00000   15000.00
  1704.09998    32.90000     4.30000     2.30000     8.00000   15000.00
  1704.19995    32.80000     4.30000     2.30000     8.00000   15000.00
  1704.30005    32.70000     4.30000     2.30000     8.00000   15000.00
  1704.40002    32.60000     4.30000     2.30000     8.00000   15000.00
  1704.50000    32.50000     4.30000     2.30000     8.00000   15000.00
  1704.59998    32.40000     4.30000     2.30000     8.00000   15000.00
  1704.69995    32.30000     4.30000     2.30000     8.00000   15000.00
  1704.80005    32.20000     4.30000     2.30000     8.00000   15000.00
  1704.90002    32.10000     4.30000     2.30000     8.00000   15000.00
  1705.00000    32.00000     4.30000     2.30000     8.00000   15000.00
  1705.09998    31.90000     4.30000     2.30000     8.00000   15000.00
  1705.19995    31.80000     4.30000     2.30000     8.00000   15000.00
  1705.30005    31.70000     4.30000     2.30000     8.00000   15000.00
  1705.40002    31.60000     4.30000     2.30000     8.00000   15000.00
  1705.50000    31.50000     4.30000     2.30000     8.00000   15000.00
  1705.59998    31.40000     4.30000     2.30000     8.00000   15000.00
  1705.69995    31.30000     4.30000     2.30000     8.00000   15000.00
  1705.80005    31.20000     4.30000     2.30000     8.00000   15000.00
  1705.90002    31.10000     4.30000     2.30000     8.00000   15000.00
  1706.00000    31.00000     4.30000     2.30000     8.00000   15000.00
  1706.09998    30.90000     4.30000     2.30000     8.00000   15000.00
  1706.19995    30.80000     4.30000     2.30000     8.00000   15000.00
  1706.30005    30.70000     4.30000     2.30000     8.00000   15000.00
  1706.40002    30.60000     4.30000     2.30000     8.00000   15000.00
  1706.50000    30.50000     4.30000     2.30000     8.00000   15000.00
  1706.59998    30.40000     4.30000     2.30000     8.00000   15000.00
  1706.69995    30.30000     4.30000     2.30000     8.00000   15000.00
  1706.80005    30.20000     4.30000     2.30000     8.00000   15000.00
  1706.90002    30.10000     4.30000     2.30000     8.00000   15000.00
  1707.00000    30.00000     4.30000     2.30000     8.00000   15000.00
  1707.09998    29.90000     4.30000     2.30000     8.00000   15000.00
  1707.19995    29.80000     4.30000     2.30000     8.00000   15000.00
  1707.30005    29.70000     4.30000     2.30000     8.00000   15000.00
  1707.40002    29.60000     4.30000     2.30000     8.00000   15000.00
  1707.50000    29.50000     4.30000     2.30000     8.00000   15000.00
  1707.59998    29.40000     4.30000     2.30000     8.00000   15000.00
  1707.69995    29.30000     4.30000     2.30000     8.00000   15000.00
  1707.80005    29.20000     4.30000     2.30000     8.00000   15000.00
  1707.90002    29.10000     4.30000     2.30000     8.00000   15000.00
  1708.00000    29.00000     4.30000     2.30000     8.00000   15000.00
  1708.09998    28.90000     4.30000     2.30000     8.00000   15000.00
  1708.19995    28.80000     4.30000     2.30000     8.00000   15000.00
  1708.30005    28.70000     4.30000     2.30000     8.00000   15000.00
  1708.40002    28.60000     4.30000     2.30000     8.00000   15000.00
  1708.50000    28.50000     4.30000     2.30000     8.00000   15000.00
  1708.59998    28.40000     4.30000     2.30000     8.00000   15000.00
  1708.69995    28.30000     4.30000     2.30000     8.00000   15000.00
  1708.80005    28.20000     4.30000     2.30000     8.00000   15000.00
  1708.90002    28.10000     4.30000     2.30000     8.00000   15000.00
  1709.00000    28.00000     4.30000     2.30000     8.00000   15000.00
  1709.09998    27.90000     4.30000     2.30000     8.00000   15000.00
  1709.19995    27.80000     4.30000     2.30000     8.00000   15000.00
  1709.30005    27.70000     4.30000     2.30000     8.00000   15000.00
  1709.40002    27.60000     4.30000     2.30000     8.00000   15000.00
  1709.50000    27.50000     4.30000     2.30000     8.00000   15000.00
  1709.59998    27.40000     4.30000     2.30000     8.00000   15000.00
  1709.69995    27.30000     4.30000     2.30000     8.00000   15000.00
  1709.80005    27.20000     4.30000     2.30000     8.00000   15000.00
  1709.90002    27.10000     4.30000     2.30000     8.00000   15000.00
  1710.00000    27.00000     4.30000     2.30000     8.00000   15000.00
  1710.09998    26.90000     4.30000     2.30000     8.00000   15000.00
  1710.19995    26.80000     4.30000     2.30000     8.00000   15000.00
  1710.30005    26.70000     4.30000     2.30000     8.00000   15000.00
  1710.40002    26.60000     4.30000     2.30000     8.00000   15000.00
  1710.50000    26.50000     4.30000     2.30000     8.00000   15000.00
  1710.59998    26.40000     4.30000     2.30000     8.00000   15000.00
  1710.69995    26.30000     4.30000     2.30000     8.00000   15000.00
  1710.80005    26.20000     4.30000     2.30000     8.00000   15000.00
  1710.90002    26.10000     4.30000     2.30000     8.00000   15000.00
  1711.00000    26.00000     4.30000     2.30000     8.00000   15000.00
  1711.09998    25.90000     4.30000     2.30000     8.00000   15000.00
  1711.19995    25.80000     4.30000     2.30000     8.00000   15000.00
  1711.30005    25.70000     4.30000     2.30000     8.00000   15000.00
  1711.40002    25.60000     4.30000     2.30000     8.00000   15000.00
  1711.50000    25.50000     4.30000     2.30000     8.00000   15000.00
  1711.59998    25.40000     4.30000     2.30000     8.00000   15000.00
  1711.69995    25.30000     4.30000     2.30000     8.00000   15000.00
  1711.80005    25.20000     4.30000     2.30000     8.00000   15000.00
  1711.90002    25.10000     4.30000     2.30000     8.00000   15000.00
  1712.00000    25.00000     4.30000     2.30000     8.00000   15000.00
  1712.09998    24.90000     4.30000     2.30000     8.00000   15000.00
  1712.19995    24.80000     4.30000     2.30000     8.00000   15000.00
  1712.30005    24.70000     4.30000     2.30000     8.00000   15000.00
  1712.40002    24.60000     4.30000     2.30000     8.00000   15000.00
  1712.50000    24.50000     4.30000     2.30000     8.00000   15000.00
  1712.59998    24.40000     4.30000     2.30000     8.00000   15000.00
  1712.69995    24.30000     4.30000     2.30000     8.00000   15000.00
  1712.80005    24.20000     4.30000     2.30000     8.00000   15000.00
  1712.90002    24.10000     4.30000     2.30000     8.00000   15000.00
  1713.00000    24.00000     4.30000     2.30000     8.00000   15000.00
  1713.09998    23.90000     4.30000     2.30000     8.00000   15000.00
  1713.19995    23.80000     4.30000     2.30000     8.00000   15000.00
  1713.30005    23.70000     4.30000     2.30000     8.00000   15000.00
  1713.40002    23.60000     4.30000     2.30000     8.00000   15000.00
  1713.50000    23.50000     4.30000     2.30000     8.00000   15000.00
  1713.59998    23.40000     4.30000     2.30000     8.00000   15000.00
  1713.69995    23.30000     4.30000     2.30000     8.00000   15000.00
  1713.80005    23.20000     4.30000     2.30000     8.00000   15000.00
  1713.90002    23.10000     4.30000     2.30000     8.00000   15000.00
  1714.00000    23.00000     4.30000     2.30000     8.00000   15000.00
  1714.09998    22.90000     4.30000     2.30000     8.00000   15000.00
  1714.19995    22.80000     4.30000     2.30000     8.00000   15000.00
  1714.30005    22.70000     4.30000     2.30000     8.00000   15000.00
  1714.40002    22.60000     4.30000     2.30000     8.00000   15000.00
  1714.50000    22.50000     4.30000     2.30000     8.00000   15000.00
  1714.59998    22.40000     4.30000     2.30000     8.00000   15000.00
  1714.69995    22.30000     4.30000     2.30000     8.00000   15000.00
  1714.80005    22.20000     4.30000     2.30000     8.00000   15000.00
  1714.90002    22.10000     4.30000     2.30000     8.00000   15000.00
  1715.00000    22.00000     4.30000     2.30000     8.00000   15000.00
  1715.09998    21.90000     4.30000     2.30000     8.00000   15000.00
  1715.19995    21.80000     4.30000     2.30000     8.00000   15000.00
  1715.30005    21.70000     4.30000     2.30000     8.00000   15000.00
  1715.40002    21.60000     4.30000     2.30000     8.00000   15000.00
  1715.50000    21.50000     4.30000     2.30000     8.00000   15000.00
  1715.59998    21.40000     4.30000     2.30000     8.00000   15000.00
  1715.69995    21.30000     4.30000     2.30000     8.00000   15000.00
  1715.80005    21.20000     4.30000     2.30000     8.00000   15000.00
  1715.90002    21.10000     4.30000     2.30000     8.00000   15000.00
  1716.00000    21.00000     4.30000     2.30000     8.00000   15000.00
  1716.09998    20.90000     4.30000     2.30000     8.00000   15000.00
  1716.19995    20.80000     4.30000     2.30000     8.00000   15000.00
  1716.30005    20.70000     4.30000     2.30000     8.00000   15000.00
  1716.40002    20.60000     4.30000     2.30000     8.00000   15000.00
  1716.50000    20.50000     4.30000     2.30000     8.00000   15000.00
  1716.59998    20.40000     4.30000     2.30000     8.00000   15000.00
  1716.69995    20.30000     4.30000     2.30000     8.00000   15000.00
  1716.80005    20.20000     4.30000     2.30000     8.00000   15000.00
  1716.90002    20.10000     4.30000     2.30000     8.00000   15000.00
  1717.00000    20.00000     4.30000     2.30000     8.00000   15000.00
  1717.09998    19.90000     4.30000     2.30000     8.00000   15000.00
  1717.19995    19.80000     4.30000     2.30000     8.00000   15000.00
  1717.30005    19.70000     4.30000     2.30000     8.00000   15000.00
  1717.40002    19.60000     4.30000     2.30000     8.00000   15000.00
  1717.50000    19.50000     4.30000     2.30000     8.00000   15000.00
  1717.59998    19.40000     4.30000     2.30000     8.00000   15000.00
  1717.69995    19.30000     4.30000     2.30000     8.00000   15000.00
  1717.80005    19.20000     4.30000     2.30000     8.00000   15000.00
  1717.90002    19.10000     4.30000     2.30000     8.00000   15000.00
  1718.00000    19.00000     4.30000     2.30000     8.00000   15000.00
  1718.09998    18.90000     4.30000     2.30000     8.00000   15000.00
  1718.19995    18.80000     4.30000     2.30000     8.00000   15000.00
  1718.30005    18.70000     4.30000     2.30000     8.00000   15000.00
  1718.40002    18.60000     4.30000     2.30000     8.00000   15000.00
  1718.50000    18.50000     4.30000     2.30000     8.00000   15000.00
  1718.59998    18.40000     4.30000     2.30000     8.00000   15000.00
  1718.69995    18.30000     4.30000     2.30000     8.00000   15000.00
  1718.80005    18.20000     4.30000     2.30000     8.00000   15000.00
  1718.90002    18.10000     4.30000     2.30000     8.00000   15000.00
  1719.00000    18.00000     4.30000     2.30000     8.00000   15000.00
  1719.09998    17.90000     4.30000     2.30000     8.00000   15000.00
  1719.19995    17.80000     4.30000     2.30000     8.00000   15000.00
  1719.30005    17.70000     4.30000     2.30000     8.00000   15000.00
  1719.40002    17.60000     4.30000     2.30000     8.00000   15000.00
  1719.50000    17.50000     4.30000     2.30000     8.00000   15000.00
  1719.59998    17.40000     4.30000     2.30000     8.00000   15000.00
  1719.69995    17.30000     4.30000     2.30000     8.00000   15000.00
  1719.80005    17.20000     4.30000     2.30000     8.00000   15000.00
  1719.90002    17.10000     4.30000     2.30000     8.00000   15000.00
  1720.00000    17.00000     4.30000     2.30000     8.00000   15000.00
  1720.09998    16.90000     4.30000     2.30000     8.00000   15000.00
  1720.19995    16.80000     4.30000     2.30000     8.00000   15000.00
  1720.30005    16.70000     4.30000     2.30000     8.00000   15000.00
  1720.40002    16.60000     4.30000     2.30000     8.00000   15000.00
  1720.50000    16.50000     4.30000     2.30000     8.00000   15000.00
  1720.59998    16.40000     4.30000     2.30000     8.00000   15000.00
  1720.69995    16.30000     4.30000     2.30000     8.00000   15000.00
  1720.80005    16.20000     4.30000     2.30000     8.00000   15000.00
  1720.90002    16.10000     4.30000     2.30000     8.00000   15000.00
  1721.00000    16.00000     4.30000     2.30000     8.00000   15000.00
  1721.09998    15.90000     4.30000     2.30000     8.00000   15000.00
  1721.19995    15.80000     4.30000     2.30000     8.00000   15000.00
  1721.30005    15.70000     4.30000     2.30000     8.00000   15000.00
  1721.40002    15.60000     4.30000     2.30000     8.00000   15000.00
  1721.50000    15.50000     4.30000     2.30000     8.00000   15000.00
  1721.59998    15.40000     4.30000     2.30000     8.00000   15000.00
  1721.69995    15.30000     4.30000     2.30000     8.00000   15000.00
  1721.80005    15.20000     4.30000     2.30000     8.00000   15000.00
  1721.90002    15.10000     4.30000     2.30000     8.00000   15000.00
  1722.00000    15.00000     4.30000     2.30000     8.00000   15000.00
  1722.09998    14.90000     4.30000     2.30000     8.00000   15000.00
  1722.19995    14.80000     4.30000     2.30000     8.00000   15000.00
  1722.30005    14.70000     4.30000     2.30000     8.00000   15000.00
  1722.40002    14.60000     4.30000     2.30000     8.00000   15000.00
  1722.50000    14.50000     4.30000     2.30000     8.00000   15000.00
  1722.59998    14.40000     4.30000     2.30000     8.00000   15000.00
  1722.69995    14.30000     4.30000     2.30000     8.00000   15000.00
  1722.80005    14.20000     4.30000     2.30000     8.00000   15000.00
  1722.90002    14.10000     4.30000     2.30000     8.00000   15000.00
  1723.00000    14.00000     4.30000     2.30000     8.00000   15000.00
  1723.09998    13.90000     4.30000     2.30000     8.00000   15000.00
  1723.19995    13.80000     4.30000     2.30000     8.00000   15000.00
  1723.30005    13.70000     4.30000     2.30000     8.00000   15000.00
  1723.40002    13.60000     4.30000     2.30000     8.00000   15000.00
  1723.50000    13.50000     4.30000     2.30000     8.00000   15000.00
  1723.59998    13.40000     4.30000     2.30000     8.00000   15000.00
  1723.69995    13.30000     4.30000     2.30000     8.00000   15000.00
  1723.80005    13.20000     4.30000     2.30000     8.00000   15000.00
  1723.90002    13.10000     4.30000     2.30000     8.00000   15000.00
  1724.00000    13.00000     4.30000     2.30000     8.00000   15000.00
  1724.09998    12.90000     4.30000     2.30000     8.00000   15000.00
  1724.19995    12.80000     4.30000     2.30000     8.00000   15000.00
  1724.30005    12.70000     4.30000     2.30000     8.00000   15000.00
  1724.40002    12.60000     4.30000     2.30000     8.00000   15000.00
  1724.50000    12.50000     4.30000     2.30000     8.00000   15000.00
  1724.59998    12.40000     4.30000     2.30000     8.00000   15000.00
  1724.69995    12.30000     4.30000     2.30000     8.00000   15000.00
  1724.80005    12.20000     4.30000     2.30000     8.00000   15000.00
  1724.90002    12.10000     4.30000     2.30000     8.00000   15000.00
  1725.00000    12.00000     4.30000     2.30000     8.00000   15000.00
  1725.09998    11.90000     4.30000     2.30000     8.00000   15000.00
  1725.19995    11.80000     4.30000     2.30000     8.00000   15000.00
  1725.30005    11.70000     4.30000     2.30000     8.00000   15000.00
  1725.40002    11.60000     4.30000     2.30000     8.00000   15000.00
  1725.50000    11.50000     4.30000     2.30000     8.00000   15000.00
  1725.59998    11.40000     4.30000     2.30000     8.00000   15000.00
  1725.69995    11.30000     4.30000     2.30000     8.00000   15000.00
  1725.80005    11.20000     4.30000     2.30000     8.00000   15000.00
  1725.90002    11.10000     4.30000     2.30000     8.00000   15000.00
  1726.00000    11.00000     4.30000     2.30000     8.00000   15000.00
  1726.09998    10.90000     4.30000     2.30000     8.00000   15000.00
  1726.19995    10.80000     4.30000     2.30000     8.00000   15000.00
  1726.30005    10.70000     4.30000     2.30000     8.00000   15000.00
  1726.40002    10.60000     4.30000     2.30000     8.00000   15000.00
  1726.50000    10.50000     4.30000     2.30000     8.00000   15000.00
  1726.59998    10.40000     4.30000     2.30000     8.00000   15000.00
  1726.69995    10.30000     4.30000     2.30000     8.00000   15000.00
  1726.80005    10.20000     4.30000     2.30000     8.00000   15000.00
  1726.90002    10.10000     4.30000     2.30000     8.00000   15000.00
  1727.00000    10.00000     4.30000     2.30000     8.00000   15000.00
  1727.09998     9.90000     4.30000     2.30000     8.00000   15000.00
  1727.19995     9.80000     4.30000     2.30000     8.00000   15000.00
  1727.30005     9.70000     4.30000     2.30000     8.00000   15000.00
  1727.40002     9.60000     4.30000     2.30000     8.00000   15000.00
  1727.50000     9.50000     4.30000     2.30000     8.00000   15000.00
  1727.59998     9.40000     4.30000     2.30000     8.00000   15000.00
  1727.69995     9.30000     4.30000     2.30000     8.00000   15000.00
  1727.80005     9.20000     4.30000     2.30000     8.00000   15000.00
  1727.90002     9.10000     4.30000     2.30000     8.00000   15000.00
  1728.00000     9.00000     4.30000     2.30000     8.00000   15000.00
  1728.09998     8.90000     4.30000     2.30000     8.00000   15000.00
  1728.19995     8.80000     4.30000     2.30000     8.00000   15000.00
  1728.30005     8.70000     4.30000     2.30000     8.00000   15000.00
  1728.40002     8.60000     4.30000     2.30000     8.00000   15000.00
  1728.50000     8.50000     4.30000     2.30000     8.00000   15000.00
  1728.59998     8.40000     4.30000     2.30000     8.00000   15000.00
  1728.69995     8.30000     4.30000     2.30000     8.00000   15000.00
  1728.80005     8.20000     4.30000     2.30000     8.00000   15000.00
  1728.90002     8.10000     4.30000     2.30000     8.00000   15000.00
  1729.00000     8.00000     4.30000     2.30000     8.00000   15000.00
  1729.09998     7.90000     4.30000     2.30000     8.00000   15000.00
  1729.19995     7.80000     4.30000     2.30000     8.00000   15000.00
  1729.30005     7.70000     4.30000     2.30000     8.00000   15000.00
  1729.40002     7.60000     4.30000     2.30000     8.00000   15000.00
  1729.50000     7.50000     4.30000     2.30000     8.00000   15000.00
  1729.59998     7.40000     4.30000     2.30000     8.00000   15000.00
  1729.69995     7.30000     4.30000     2.30000     8.00000   15000.00
  1729.80005     7.20000     4.30000     2.30000     8.00000   15000.00
  1729.90002     7.10000     4.30000     2.30000     8.00000   15000.00
  1730.00000     7.00000     4.30000     2.30000     8.00000   15000.00
  1730.09998     6.90000     4.30000     2.30000     8.00000   15000.00
  1730.19995     6.80000     4.30000     2.30000     8.00000   15000.00
  1730.30005     6.70000     4.30000     2.30000     8.00000   15000.00
  1730.40002     6.60000     4.30000     2.30000     8.00000   15000.00
  1730.50000     6.50000     4.30000     2.30000     8.00000   15000.00
  1730.59998     6.40000     4.30000     2.30000     8.00000   15000.00
  1730.69995     6.30000     4.30000     2.30000     8.00000   15000.00
  1730.80005     6.20000     4.30000     2.30000     8.00000   15000.00
  1730.90002     6.10000     4.30000     2.30000     8.00000   15000.00
  1731.00000     6.00000     4.30000     2.30000     8.00000   15000.00
  1731.09998     5.90000     4.30000     2.30000     8.00000   15000.00
  1731.19995     5.80000     4.30000     2.30000     8.00000   15000.00
  1731.30005     5.70000     4.30000     2.30000     8.00000   15000.00
  1731.40002     5.60000     4.30000     2.30000     8.00000   15000.00
  1731.50000     5.50000     4.30000     2.30000     8.00000   15000.00
  1731.59998     5.40000     4.30000     2.30000     8.00000   15000.00
  1731.69995     5.30000     4.30000     2.30000     8.00000   15000.00
  1731.80005     5.20000     4.30000     2.30000     8.00000   15000.00
  1731.90002     5.10000     4.30000     2.30000     8.00000   15000.00
  1732.00000     5.00000     4.30000     2.30000     8.00000   15000.00
  1732.09998     4.90000     4.30000     2.30000     8.00000   15000.00
  1732.19995     4.80000     4.30000     2.30000     8.00000   15000.00
  1732.30005     4.70000     4.30000     2.30000     8.00000   15000.00
  1732.40002     4.60000     4.30000     2.30000     8.00000   15000.00
  1732.50000     4.50000     4.30000     2.30000     8.00000   15000.00
  1732.59998     4.40000     4.30000     2.30000     8.00000   15000.00
  1732.69995     4.30000     4.30000     2.30000     8.00000   15000.00
  1732.80005     4.20000     4.30000     2.30000     8.00000   15000.00
  1732.90002     4.10000     4.30000     2.30000     8.00000   15000.00
  1733.00000     4.00000     4.30000     2.30000     8.00000   15000.00
  1733.09998     3.90000     4.30000     2.30000     8.00000   15000.00
  1733.19995     3.80000     4.30000     2.30000     8.00000   15000.00
  1733.30005     3.70000     4.30000     2.30000     8.00000   15000.00
  1733.40002     3.60000     4.30000     2.30000     8.00000   15000.00
  1733.50000     3.50000     4.30000     2.30000     8.00000   15000.00
  1733.59998     3.40000     4.30000     2.30000     8.00000   15000.00
  1733.69995     3.30000     4.30000     2.30000     8.00000   15000.00
  1733.80005     3.20000     4.30000     2.30000     8.00000   15000.00
  1733.90002     3.10000     4.30000     2.30000     8.00000   15000.00
  1734.00000     3.00000     4.30000     2.30000     8.00000   15000.00
  1734.09998     2.90000     4.30000     2.30000     8.00000   15000.00
  1734.19995     2.80000     4.30000     2.30000     8.00000   15000.00
  1734.30005     2.70000     4.30000     2.30000     8.00000   15000.00
  1734.40002     2.60000     4.30000     2.30000     8.00000   15000.00
  1734.50000     2.50000     4.30000     2.30000     8.00000   15000.00
  1734.59998     2.40000     4.30000     2.30000     8.00000   15000.00
  1734.69995     2.30000     4.30000     2.30000     8.00000   15000.00
  1734.80005     2.20000     4.30000     2.30000     8.00000   15000.00
  1734.90002     2.10000     4.30000     2.30000     8.00000   15000.00
  1735.00000     2.00000     4.30000     2.30000     8.00000   15000.00
  1735.09998     1.90000     4.30000     2.30000     8.00000   15000.00
  1735.19995     1.80000     4.30000     2.30000     8.00000   15000.00
  1735.30005     1.70000     4.30000     2.30000     8.00000   15000.00
  1735.40002     1.60000     4.30000     2.30000     8.00000   15000.00
  1735.50000     1.50000     4.30000     2.30000     8.00000   15000.00
  1735.59998     1.40000     4.30000     2.30000     8.00000   15000.00
  1735.69995     1.30000     4.30000     2.30000     8.00000   15000.00
  1735.80005     1.20000     4.30000     2.30000     8.00000   15000.00
  1735.90002     1.10000     4.30000     2.30000     8.00000   15000.00
  1736.00000     1.00000     4.30000     2.30000     8.00000   15000.00
  1736.09998     0.90000     4.30000     2.30000     8.00000   15000.00
  1736.19995     0.80000     4.30000     2.30000     8.00000   15000.00
  1736.30005     0.70000     4.30000     2.30000     8.00000   15000.00
  1736.40002     0.60000     4.30000     2.30000     8.00000   15000.00
  1736.50000     0.50000     4.30000     2.30000     8.00000   15000.00
  1736.59998     0.40000     4.30000     2.30000     8.00000   15000.00
  1736.69995     0.30000     4.30000     2.30000     8.00000   15000.00
  1736.80005     0.20000     4.30000     2.30000     8.00000   15000.00
  1736.90002     0.10000     4.30000     2.30000     8.00000   15000.00
  1737.00000     0.00000     4.30000     2.30000     8.00000   15000.00
