     0.00000  6370.00000     5.80000     3.20000     2.60000     180.00
    15.00000  6355.00000     5.80000     3.20000     2.60000     180.00
    15.00000  6355.00000     6.80000     3.90000     2.90000     322.00
    24.40000  6345.60010     6.80000     3.90000     2.90000     322.00
    24.40000  6345.60010     8.11000     4.49000     3.38080     322.00
    46.13333  6323.86670     8.16000     4.50667     3.38691     322.00
    67.86667  6302.13330     8.21000     4.52333     3.39302     322.00
    89.60001  6280.39990     8.26000     4.54000     3.39913     322.00
   111.33334  6258.66650     8.31000     4.55667     3.40524     322.00
   133.06667  6236.93359     8.36000     4.57333     3.41136     322.00
   154.80000  6215.20020     8.41000     4.59000     3.41747     322.00
   176.53334  6193.46680     8.46000     4.60667     3.42358     322.00
   198.26666  6171.73340     8.51000     4.62333     3.42969     322.00
   220.00000  6150.00000     8.56000     4.64000     3.43580     322.00
   240.00000  6130.00000     8.59889     4.65444     3.44774     322.00
   260.00000  6110.00000     8.63778     4.66889     3.45969     322.00
   280.00000  6090.00000     8.67667     4.68333     3.47163     322.00
   300.00000  6070.00000     8.71556     4.69778     3.48358     322.00
   320.00000  6050.00000     8.75444     4.71222     3.49552     322.00
   340.00000  6030.00000     8.79333     4.72667     3.50747     322.00
   360.00000  6010.00000     8.83222     4.74111     3.51941     322.00
   380.00000  5990.00000     8.87111     4.75556     3.53136     322.00
   400.00000  5970.00000     8.91000     4.77000     3.54330     322.00
   400.00000  5970.00000     9.13000     4.93000     3.72380     322.00
   420.00000  5950.00000     9.23300     4.98900     3.74900     322.00
   440.00000  5930.00000     9.33600     5.04800     3.77420     322.00
   460.00000  5910.00000     9.43900     5.10700     3.79940     322.00
   480.00000  5890.00000     9.54200     5.16600     3.82460     322.00
   500.00000  5870.00000     9.64500     5.22500     3.84980     322.00
   520.00000  5850.00000     9.74800     5.28400     3.87500     322.00
   540.00000  5830.00000     9.85100     5.34300     3.90020     322.00
   560.00000  5810.00000     9.95400     5.40200     3.92540     322.00
   580.00000  5790.00000    10.05700     5.46100     3.95060     322.00
   600.00000  5770.00000    10.16000     5.52000     3.97580     322.00
   623.33331  5746.66650    10.19667     5.53667     3.98123     448.67
   646.66669  5723.33350    10.23333     5.55333     3.98667     575.33
   670.00000  5700.00000    10.27000     5.57000     3.99210     702.00
   670.00000  5700.00000    10.75000     5.95000     4.38070     702.00
   690.20001  5679.79980    10.81400     6.00800     4.39320     702.00
   710.40002  5659.60010    10.87800     6.06600     4.40570     702.00
   730.59998  5639.39990    10.94200     6.12400     4.41820     702.00
   750.79999  5619.20020    11.00600     6.18200     4.43070     702.00
   771.00000  5599.00000    11.07000     6.24000     4.44320     702.00
   791.00000  5579.00000    11.10400     6.25400     4.45530     702.00
   811.00000  5559.00000    11.13800     6.26800     4.46740     702.00
   831.00000  5539.00000    11.17200     6.28200     4.47950     702.00
   851.00000  5519.00000    11.20600     6.29600     4.49160     702.00
   871.00000  5499.00000    11.24000     6.31000     4.50370     702.00
   891.00000  5479.00000    11.27600     6.32400     4.51558     702.00
   911.00000  5459.00000    11.31200     6.33800     4.52746     702.00
   931.00000  5439.00000    11.34800     6.35200     4.53934     702.00
   951.00000  5419.00000    11.38400     6.36600     4.55122     702.00
   971.00000  5399.00000    11.42000     6.38000     4.56310     702.00
   991.00000  5379.00000    11.45200     6.39200     4.57474     702.00
  1011.00000  5359.00000    11.48400     6.40400     4.58638     702.00
  1031.00000  5339.00000    11.51600     6.41600     4.59802     702.00
  1051.00000  5319.00000    11.54800     6.42800     4.60966     702.00
  1071.00000  5299.00000    11.58000     6.44000     4.62130     702.00
  1091.00000  5279.00000    11.61000     6.45200     4.63272     702.00
  1111.00000  5259.00000    11.64000     6.46400     4.64414     702.00
  1131.00000  5239.00000    11.67000     6.47600     4.65556     702.00
  1151.00000  5219.00000    11.70000     6.48800     4.66698     702.00
  1171.00000  5199.00000    11.73000     6.50000     4.67840     702.00
  1191.00000  5179.00000    11.76000     6.51200     4.68964     702.00
  1211.00000  5159.00000    11.79000     6.52400     4.70088     702.00
  1231.00000  5139.00000    11.82000     6.53600     4.71212     702.00
  1251.00000  5119.00000    11.85000     6.54800     4.72336     702.00
  1271.00000  5099.00000    11.88000     6.56000     4.73460     702.00
  1291.00000  5079.00000    11.90800     6.57200     4.74564     702.00
  1311.00000  5059.00000    11.93600     6.58400     4.75668     702.00
  1331.00000  5039.00000    11.96400     6.59600     4.76772     702.00
  1351.00000  5019.00000    11.99200     6.60800     4.77876     702.00
  1371.00000  4999.00000    12.02000     6.62000     4.78980     702.00
  1391.00000  4979.00000    12.04800     6.63000     4.80068     702.00
  1411.00000  4959.00000    12.07600     6.64000     4.81156     702.00
  1431.00000  4939.00000    12.10400     6.65000     4.82244     702.00
  1451.00000  4919.00000    12.13200     6.66000     4.83332     702.00
  1471.00000  4899.00000    12.16000     6.67000     4.84420     702.00
  1491.00000  4879.00000    12.18600     6.68200     4.85492     702.00
  1511.00000  4859.00000    12.21200     6.69400     4.86564     702.00
  1531.00000  4839.00000    12.23800     6.70600     4.87636     702.00
  1551.00000  4819.00000    12.26400     6.71800     4.88708     702.00
  1571.00000  4799.00000    12.29000     6.73000     4.89780     702.00
  1591.00000  4779.00000    12.31600     6.74000     4.90838     702.00
  1611.00000  4759.00000    12.34200     6.75000     4.91896     702.00
  1631.00000  4739.00000    12.36800     6.76000     4.92954     702.00
  1651.00000  4719.00000    12.39400     6.77000     4.94012     702.00
  1671.00000  4699.00000    12.42000     6.78000     4.95070     702.00
  1691.00000  4679.00000    12.44400     6.79000     4.96116     702.00
  1711.00000  4659.00000    12.46800     6.80000     4.97162     702.00
  1731.00000  4639.00000    12.49200     6.81000     4.98208     702.00
  1751.00000  4619.00000    12.51600     6.82000     4.99254     702.00
  1771.00000  4599.00000    12.54000     6.83000     5.00300     702.00
  1791.00000  4579.00000    12.56600     6.83800     5.01334     702.00
  1811.00000  4559.00000    12.59200     6.84600     5.02368     702.00
  1831.00000  4539.00000    12.61800     6.85400     5.03402     702.00
  1851.00000  4519.00000    12.64400     6.86200     5.04436     702.00
  1871.00000  4499.00000    12.67000     6.87000     5.05470     702.00
  1891.00000  4479.00000    12.69200     6.88000     5.06494     702.00
  1911.00000  4459.00000    12.71400     6.89000     5.07518     702.00
  1931.00000  4439.00000    12.73600     6.90000     5.08542     702.00
  1951.00000  4419.00000    12.75800     6.91000     5.09566     702.00
  1971.00000  4399.00000    12.78000     6.92000     5.10590     702.00
  1991.00000  4379.00000    12.80400     6.93000     5.11606     702.00
  2011.00000  4359.00000    12.82800     6.94000     5.12622     702.00
  2031.00000  4339.00000    12.85200     6.95000     5.13638     702.00
  2051.00000  4319.00000    12.87600     6.96000     5.14654     702.00
  2071.00000  4299.00000    12.90000     6.97000     5.15670     702.00
  2091.00000  4279.00000    12.92300     6.97900     5.16676     702.00
  2111.00000  4259.00000    12.94600     6.98800     5.17682     702.00
  2131.00000  4239.00000    12.96900     6.99700     5.18688     702.00
  2151.00000  4219.00000    12.99200     7.00600     5.19694     702.00
  2171.00000  4199.00000    13.01500     7.01500     5.20700     702.00
  2191.00000  4179.00000    13.03800     7.02400     5.21706     702.00
  2211.00000  4159.00000    13.06100     7.03300     5.22712     702.00
  2231.00000  4139.00000    13.08400     7.04200     5.23718     702.00
  2251.00000  4119.00000    13.10700     7.05100     5.24724     702.00
  2271.00000  4099.00000    13.13000     7.06000     5.25730     702.00
  2291.00000  4079.00000    13.15300     7.06800     5.26728     702.00
  2311.00000  4059.00000    13.17600     7.07600     5.27726     702.00
  2331.00000  4039.00000    13.19900     7.08400     5.28724     702.00
  2351.00000  4019.00000    13.22200     7.09200     5.29722     702.00
  2371.00000  3999.00000    13.24500     7.10000     5.30720     702.00
  2391.00000  3979.00000    13.26800     7.10800     5.31718     702.00
  2411.00000  3959.00000    13.29100     7.11600     5.32716     702.00
  2431.00000  3939.00000    13.31400     7.12400     5.33714     702.00
  2451.00000  3919.00000    13.33700     7.13200     5.34712     702.00
  2471.00000  3899.00000    13.36000     7.14000     5.35710     702.00
  2491.00000  3879.00000    13.38400     7.15000     5.36704     961.60
  2511.00000  3859.00000    13.40800     7.16000     5.37698    1221.20
  2531.00000  3839.00000    13.43200     7.17000     5.38692    1480.80
  2551.00000  3819.00000    13.45600     7.18000     5.39686    1740.40
  2571.00000  3799.00000    13.48000     7.19000     5.40680    2000.00
  2591.00000  3779.00000    13.50400     7.19800     5.41676    2000.00
  2611.00000  3759.00000    13.52800     7.20600     5.42672    2000.00
  2631.00000  3739.00000    13.55200     7.21400     5.43668    2000.00
  2651.00000  3719.00000    13.57600     7.22200     5.44664    2000.00
  2671.00000  3699.00000    13.60000     7.23000     5.45660    2000.00
  2694.33325  3675.66675    13.62667     7.24333     5.46820    2000.00
  2717.66675  3652.33325    13.65333     7.25667     5.47980    2000.00
  2741.00000  3629.00000    13.68000     7.27000     5.49140    2000.00
  2764.00000  3606.00000    13.68500     7.26833     5.50377    2000.00
  2787.00000  3583.00000    13.69000     7.26667     5.51613    2000.00
  2810.00000  3560.00000    13.69500     7.26500     5.52850    2000.00
  2833.00000  3537.00000    13.70000     7.26333     5.54087    2000.00
  2856.00000  3514.00000    13.70500     7.26167     5.55323    2000.00
  2879.00000  3491.00000    13.71000     7.26000     5.56560    2000.00
  2879.00000  3491.00000    13.71000     7.26000     5.56560    2000.00
  2889.00000  3481.00000    13.71000     7.26000     5.56560    2000.00
  2889.00000  3481.00000    13.71000     7.26000     5.56560    2000.00
  2891.00000  3479.00000    13.71000     7.26000      5.56650    2000.00
  2891.00000  3479.00000     8.06000     0.00000     9.90350   10000.00
  2911.00000  3459.00000     8.09500     0.00000     9.93497   10000.00
  2931.00000  3439.00000     8.13000     0.00000     9.96645   10000.00
  2951.00000  3419.00000     8.16500     0.00000     9.99792   10000.00
  2971.00000  3399.00000     8.20000     0.00000    10.02940   10000.00
  2991.00000  3379.00000     8.23200     0.00000    10.05978   10000.00
  3011.00000  3359.00000     8.26400     0.00000    10.09016   10000.00
  3031.00000  3339.00000     8.29600     0.00000    10.12054   10000.00
  3051.00000  3319.00000     8.32800     0.00000    10.15092   10000.00
  3071.00000  3299.00000     8.36000     0.00000    10.18130   10000.00
  3091.00000  3279.00000     8.39000     0.00000    10.21050   10000.00
  3111.00000  3259.00000     8.42000     0.00000    10.23970   10000.00
  3131.00000  3239.00000     8.45000     0.00000    10.26890   10000.00
  3151.00000  3219.00000     8.48000     0.00000    10.29810   10000.00
  3171.00000  3199.00000     8.51000     0.00000    10.32730   10000.00
  3191.00000  3179.00000     8.54000     0.00000    10.35530   10000.00
  3211.00000  3159.00000     8.57000     0.00000    10.38330   10000.00
  3231.00000  3139.00000     8.60000     0.00000    10.41130   10000.00
  3251.00000  3119.00000     8.63000     0.00000    10.43930   10000.00
  3271.00000  3099.00000     8.66000     0.00000    10.46730   10000.00
  3291.00000  3079.00000     8.68800     0.00000    10.49414   10000.00
  3311.00000  3059.00000     8.71600     0.00000    10.52098   10000.00
  3331.00000  3039.00000     8.74400     0.00000    10.54782   10000.00
  3351.00000  3019.00000     8.77200     0.00000    10.57466   10000.00
  3371.00000  2999.00000     8.80000     0.00000    10.60150   10000.00
  3391.00000  2979.00000     8.82600     0.00000    10.62722   10000.00
  3411.00000  2959.00000     8.85200     0.00000    10.65294   10000.00
  3431.00000  2939.00000     8.87800     0.00000    10.67866   10000.00
  3451.00000  2919.00000     8.90400     0.00000    10.70438   10000.00
  3471.00000  2899.00000     8.93000     0.00000    10.73010   10000.00
  3491.00000  2879.00000     8.95400     0.00000    10.75472   10000.00
  3511.00000  2859.00000     8.97800     0.00000    10.77934   10000.00
  3531.00000  2839.00000     9.00200     0.00000    10.80396   10000.00
  3551.00000  2819.00000     9.02600     0.00000    10.82858   10000.00
  3571.00000  2799.00000     9.05000     0.00000    10.85320   10000.00
  3591.00000  2779.00000     9.07400     0.00000    10.87674   10000.00
  3611.00000  2759.00000     9.09800     0.00000    10.90028   10000.00
  3631.00000  2739.00000     9.12200     0.00000    10.92382   10000.00
  3651.00000  2719.00000     9.14600     0.00000    10.94736   10000.00
  3671.00000  2699.00000     9.17000     0.00000    10.97090   10000.00
  3691.00000  2679.00000     9.19200     0.00000    10.99340   10000.00
  3711.00000  2659.00000     9.21400     0.00000    11.01590   10000.00
  3731.00000  2639.00000     9.23600     0.00000    11.03840   10000.00
  3751.00000  2619.00000     9.25800     0.00000    11.06090   10000.00
  3771.00000  2599.00000     9.28000     0.00000    11.08340   10000.00
  3791.00000  2579.00000     9.30000     0.00000    11.10486   10000.00
  3811.00000  2559.00000     9.32000     0.00000    11.12632   10000.00
  3831.00000  2539.00000     9.34000     0.00000    11.14778   10000.00
  3851.00000  2519.00000     9.36000     0.00000    11.16924   10000.00
  3871.00000  2499.00000     9.38000     0.00000    11.19070   10000.00
  3891.00000  2479.00000     9.40000     0.00000    11.21116   10000.00
  3911.00000  2459.00000     9.42000     0.00000    11.23162   10000.00
  3931.00000  2439.00000     9.44000     0.00000    11.25208   10000.00
  3951.00000  2419.00000     9.46000     0.00000    11.27254   10000.00
  3971.00000  2399.00000     9.48000     0.00000    11.29300   10000.00
  3991.00000  2379.00000     9.50000     0.00000    11.31248   10000.00
  4011.00000  2359.00000     9.52000     0.00000    11.33196   10000.00
  4031.00000  2339.00000     9.54000     0.00000    11.35144   10000.00
  4051.00000  2319.00000     9.56000     0.00000    11.37092   10000.00
  4071.00000  2299.00000     9.58000     0.00000    11.39040   10000.00
  4091.00000  2279.00000     9.59800     0.00000    11.40894   10000.00
  4111.00000  2259.00000     9.61600     0.00000    11.42748   10000.00
  4131.00000  2239.00000     9.63400     0.00000    11.44602   10000.00
  4151.00000  2219.00000     9.65200     0.00000    11.46456   10000.00
  4171.00000  2199.00000     9.67000     0.00000    11.48310   10000.00
  4191.00000  2179.00000     9.68600     0.00000    11.50072   10000.00
  4211.00000  2159.00000     9.70200     0.00000    11.51834   10000.00
  4231.00000  2139.00000     9.71800     0.00000    11.53596   10000.00
  4251.00000  2119.00000     9.73400     0.00000    11.55358   10000.00
  4271.00000  2099.00000     9.75000     0.00000    11.57120   10000.00
  4291.00000  2079.00000     9.76800     0.00000    11.58792   10000.00
  4311.00000  2059.00000     9.78600     0.00000    11.60464   10000.00
  4331.00000  2039.00000     9.80400     0.00000    11.62136   10000.00
  4351.00000  2019.00000     9.82200     0.00000    11.63808   10000.00
  4371.00000  1999.00000     9.84000     0.00000    11.65480   10000.00
  4391.00000  1979.00000     9.85400     0.00000    11.67064   10000.00
  4411.00000  1959.00000     9.86800     0.00000    11.68648   10000.00
  4431.00000  1939.00000     9.88200     0.00000    11.70232   10000.00
  4451.00000  1919.00000     9.89600     0.00000    11.71816   10000.00
  4471.00000  1899.00000     9.91000     0.00000    11.73400   10000.00
  4491.00000  1879.00000     9.92600     0.00000    11.74900   10000.00
  4511.00000  1859.00000     9.94200     0.00000    11.76400   10000.00
  4531.00000  1839.00000     9.95800     0.00000    11.77900   10000.00
  4551.00000  1819.00000     9.97400     0.00000    11.79400   10000.00
  4571.00000  1799.00000     9.99000     0.00000    11.80900   10000.00
  4591.00000  1779.00000    10.00400     0.00000    11.82318   10000.00
  4611.00000  1759.00000    10.01800     0.00000    11.83736   10000.00
  4631.00000  1739.00000    10.03200     0.00000    11.85154   10000.00
  4651.00000  1719.00000    10.04600     0.00000    11.86572   10000.00
  4671.00000  1699.00000    10.06000     0.00000    11.87990   10000.00
  4691.00000  1679.00000    10.07200     0.00000    11.89328   10000.00
  4711.00000  1659.00000    10.08400     0.00000    11.90666   10000.00
  4731.00000  1639.00000    10.09600     0.00000    11.92004   10000.00
  4751.00000  1619.00000    10.10800     0.00000    11.93342   10000.00
  4771.00000  1599.00000    10.12000     0.00000    11.94680   10000.00
  4791.00000  1579.00000    10.13400     0.00000    11.95942   10000.00
  4811.00000  1559.00000    10.14800     0.00000    11.97204   10000.00
  4831.00000  1539.00000    10.16200     0.00000    11.98466   10000.00
  4851.00000  1519.00000    10.17600     0.00000    11.99728   10000.00
  4871.00000  1499.00000    10.19000     0.00000    12.00990   10000.00
  4891.00000  1479.00000    10.20200     0.00000    12.02176   10000.00
  4911.00000  1459.00000    10.21400     0.00000    12.03362   10000.00
  4931.00000  1439.00000    10.22600     0.00000    12.04548   10000.00
  4951.00000  1419.00000    10.23800     0.00000    12.05734   10000.00
  4971.00000  1399.00000    10.25000     0.00000    12.06920   10000.00
  4991.00000  1379.00000    10.26200     0.00000    12.08036   10000.00
  5011.00000  1359.00000    10.27400     0.00000    12.09152   10000.00
  5031.00000  1339.00000    10.28600     0.00000    12.10268   10000.00
  5051.00000  1319.00000    10.29800     0.00000    12.11384   10000.00
  5071.00000  1299.00000    10.31000     0.00000    12.12500   10000.00
  5097.00000  1273.00000    10.32667     0.00000    12.13877   10000.00
  5123.00000  1247.00000    10.34333     0.00000    12.15253   10000.00
  5149.00000  1221.00000    10.36000     0.00000    12.16630   10000.00
  5149.00000  1221.00000    11.03000     3.50000    12.76360   10000.00
  5171.00000  1199.00000    11.04000     3.51000    12.77490   10000.00
  5191.00000  1179.00000    11.04600     3.51600    12.78492   10000.00
  5211.00000  1159.00000    11.05200     3.52200    12.79494   10000.00
  5231.00000  1139.00000    11.05800     3.52800    12.80496   10000.00
  5251.00000  1119.00000    11.06400     3.53400    12.81498   10000.00
  5271.00000  1099.00000    11.07000     3.54000    12.82500   10000.00
  5291.00000  1079.00000    11.07800     3.54400    12.83414   10000.00
  5311.00000  1059.00000    11.08600     3.54800    12.84328   10000.00
  5331.00000  1039.00000    11.09400     3.55200    12.85242   10000.00
  5351.00000  1019.00000    11.10200     3.55600    12.86156   10000.00
  5371.00000   999.00000    11.11000     3.56000    12.87070   10000.00
  5391.00000   979.00000    11.11600     3.56400    12.87898   10000.00
  5411.00000   959.00000    11.12200     3.56800    12.88726   10000.00
  5431.00000   939.00000    11.12800     3.57200    12.89554   10000.00
  5451.00000   919.00000    11.13400     3.57600    12.90382   10000.00
  5471.00000   899.00000    11.14000     3.58000    12.91210   10000.00
  5491.00000   879.00000    11.14400     3.58400    12.91950   10000.00
  5511.00000   859.00000    11.14800     3.58800    12.92690   10000.00
  5531.00000   839.00000    11.15200     3.59200    12.93430   10000.00
  5551.00000   819.00000    11.15600     3.59600    12.94170   10000.00
  5571.00000   799.00000    11.16000     3.60000    12.94910   10000.00
  5591.00000   779.00000    11.16600     3.60200    12.95564   10000.00
  5611.00000   759.00000    11.17200     3.60400    12.96218   10000.00
  5631.00000   739.00000    11.17800     3.60600    12.96872   10000.00
  5651.00000   719.00000    11.18400     3.60800    12.97526   10000.00
  5671.00000   699.00000    11.19000     3.61000    12.98180   10000.00
  5691.00000   679.00000    11.19400     3.61400    12.98746   10000.00
  5711.00000   659.00000    11.19800     3.61800    12.99312   10000.00
  5731.00000   639.00000    11.20200     3.62200    12.99878   10000.00
  5751.00000   619.00000    11.20600     3.62600    13.00444   10000.00
  5771.00000   599.00000    11.21000     3.63000    13.01010   10000.00
  5791.00000   579.00000    11.21300     3.63200    13.01445   10000.00
  5811.00000   559.00000    11.21600     3.63400    13.01880   10000.00
  5831.00000   539.00000    11.21900     3.63600    13.02315   10000.00
  5851.00000   519.00000    11.22200     3.63800    13.02750   10000.00
  5871.00000   499.00000    11.22500     3.64000    13.03185   10000.00
  5891.00000   479.00000    11.22800     3.64200    13.03620   10000.00
  5911.00000   459.00000    11.23100     3.64400    13.04055   10000.00
  5931.00000   439.00000    11.23400     3.64600    13.04490   10000.00
  5951.00000   419.00000    11.23700     3.64800    13.04925   10000.00
  5971.00000   399.00000    11.24000     3.65000    13.05360   10000.00
  5992.00000   378.00000    11.24105     3.65053    13.05498   10000.00
  6013.00000   357.00000    11.24211     3.65105    13.05636   10000.00
  6034.00000   336.00000    11.24316     3.65158    13.05774   10000.00
  6055.00000   315.00000    11.24421     3.65211    13.05912   10000.00
  6076.00000   294.00000    11.24526     3.65263    13.06049   10000.00
  6097.00000   273.00000    11.24632     3.65316    13.06187   10000.00
  6118.00000   252.00000    11.24737     3.65368    13.06325   10000.00
  6139.00000   231.00000    11.24842     3.65421    13.06463   10000.00
  6160.00000   210.00000    11.24947     3.65474    13.06601   10000.00
  6181.00000   189.00000    11.25053     3.65526    13.06739   10000.00
  6202.00000   168.00000    11.25158     3.65579    13.06877   10000.00
  6223.00000   147.00000    11.25263     3.65632    13.07015   10000.00
  6244.00000   126.00000    11.25368     3.65684    13.07153   10000.00
  6265.00000   105.00000    11.25474     3.65737    13.07291   10000.00
  6286.00000    84.00000    11.25579     3.65789    13.07428   10000.00
  6307.00000    63.00000    11.25684     3.65842    13.07566   10000.00
  6328.00000    42.00000    11.25789     3.65895    13.07704   10000.00
  6349.00000    21.00000    11.25895     3.65947    13.07842   10000.00
  6370.00000     0.00000    11.26000     3.66000    13.07980   10000.00
