0.00000  6370.00000  5.79317  3.19623  3.50000  0.00000
7.50441  6362.49559  5.79317  3.19623  3.50000  0.00000
14.99999  6355.00001  5.80000  3.20000  3.50000  0.00000
24.40019  6345.59981  6.78994  3.89423  3.50000  0.00000
34.32630  6335.67370  8.09731  4.48298  3.50000  0.00000
44.23689  6325.76311  8.12065  4.49080  3.50000  0.00000
54.13197  6315.86803  8.14389  4.49858  3.50000  0.00000
64.01157  6305.98843  8.16704  4.50633  3.50000  0.00000
73.87572  6296.12428  8.19009  4.51404  3.50000  0.00000
83.72443  6286.27557  8.21305  4.52172  3.50000  0.00000
93.55774  6276.44226  8.23593  4.52936  3.50000  0.00000
103.37567  6266.62433  8.25870  4.53697  3.50000  0.00000
113.17824  6256.82176  8.28139  4.54455  3.50000  0.00000
122.96547  6247.03453  8.30399  4.55209  3.50000  0.00000
132.73741  6237.26259  8.32650  4.55959  3.50000  0.00000
142.49405  6227.50595  8.34891  4.56706  3.50000  0.00000
152.23542  6217.76458  8.37124  4.57449  3.50000  0.00000
161.96157  6208.03843  8.39347  4.58190  3.50000  0.00000
171.67249  6198.32751  8.41562  4.58926  3.50000  0.00000
181.36823  6188.63177  8.43767  4.59659  3.50000  0.00000
191.04880  6178.95120  8.45964  4.60389  3.50000  0.00000
200.71422  6169.28578  8.48151  4.61115  3.50000  0.00000
210.36453  6159.63547  8.50330  4.61838  3.50000  0.00000
219.99979  6150.00021  8.54250  4.63279  3.50000  0.00000
230.14070  6139.85930  8.56304  4.63994  3.50000  0.00000
240.26489  6129.73511  8.58318  4.64745  3.50000  0.00000
250.37238  6119.62762  8.60322  4.65493  3.50000  0.00000
260.46321  6109.53679  8.62318  4.66236  3.50000  0.00000
270.53742  6099.46258  8.64305  4.66976  3.50000  0.00000
280.59498  6089.40502  8.66283  4.67713  3.50000  0.00000
290.63596  6079.36404  8.68252  4.68445  3.50000  0.00000
300.66038  6069.33962  8.70212  4.69174  3.50000  0.00000
310.66828  6059.33172  8.72163  4.69899  3.50000  0.00000
320.65967  6049.34033  8.74106  4.70621  3.50000  0.00000
330.63458  6039.36542  8.76040  4.71339  3.50000  0.00000
340.59305  6029.40695  8.77965  4.72053  3.50000  0.00000
350.53510  6019.46490  8.79881  4.72763  3.50000  0.00000
360.46075  6009.53925  8.81789  4.73470  3.50000  0.00000
370.37004  5999.62996  8.83687  4.74174  3.50000  0.00000
380.26298  5989.73702  8.85578  4.74873  3.50000  0.00000
390.13962  5979.86038  8.87459  4.75570  3.50000  0.00000
400.00014  5969.99986  8.91000  4.77000  3.50000  0.00000
410.16282  5959.83718  9.11446  4.92161  3.50000  0.00000
420.30821  5949.69179  9.16782  4.95216  3.50000  0.00000
430.43633  5939.56367  9.22097  4.98260  3.50000  0.00000
440.54720  5929.45280  9.27391  5.01292  3.50000  0.00000
450.64087  5919.35913  9.32664  5.04312  3.50000  0.00000
460.71735  5909.28265  9.37917  5.07321  3.50000  0.00000
470.77668  5899.22332  9.43150  5.10317  3.50000  0.00000
480.81888  5889.18112  9.48361  5.13302  3.50000  0.00000
490.84399  5879.15601  9.53553  5.16276  3.50000  0.00000
500.85204  5869.14796  9.58724  5.19238  3.50000  0.00000
510.84304  5859.15696  9.63874  5.22188  3.50000  0.00000
520.81704  5849.18296  9.69004  5.25127  3.50000  0.00000
530.77406  5839.22594  9.74114  5.28054  3.50000  0.00000
540.71414  5829.28586  9.79204  5.30969  3.50000  0.00000
550.63729  5819.36271  9.84274  5.33874  3.50000  0.00000
560.54355  5809.45645  9.89323  5.36766  3.50000  0.00000
570.43294  5799.56706  9.94353  5.39648  3.50000  0.00000
580.30550  5789.69450  9.99362  5.42518  3.50000  0.00000
590.16126  5779.83874  10.04352  5.45377  3.50000  0.00000
600.00001  5769.99999  10.12660  5.50112  3.50000  0.00000
610.05239  5759.94761  10.15914  5.51883  3.50000  0.00000
620.08725  5749.91275  10.17505  5.52607  3.50000  0.00000
630.10463  5739.89537  10.19088  5.53327  3.50000  0.00000
640.10455  5729.89545  10.20662  5.54042  3.50000  0.00000
650.08706  5719.91294  10.22228  5.54754  3.50000  0.00000
660.05217  5709.94783  10.23785  5.55461  3.50000  0.00000
669.99976  5700.00024  10.27000  5.57000  3.50000  0.00000
680.18125  5689.81875  10.73080  5.93937  3.50000  0.00000
690.34454  5679.65546  10.76341  5.96888  3.50000  0.00000
700.48969  5669.51031  10.79588  5.99825  3.50000  0.00000
710.61671  5659.38329  10.82819  6.02751  3.50000  0.00000
720.72564  5649.27436  10.86036  6.05664  3.50000  0.00000
730.81652  5639.18348  10.89237  6.08565  3.50000  0.00000
740.88937  5629.11063  10.92424  6.11453  3.50000  0.00000
750.94422  5619.05578  10.95596  6.14330  3.50000  0.00000
760.98112  5609.01888  10.98753  6.17194  3.50000  0.00000
771.00015  5598.99985  11.04447  6.22023  3.50000  0.00000
781.08144  5588.91856  11.06875  6.23799  3.50000  0.00000
791.14458  5578.85542  11.08613  6.24516  3.50000  0.00000
801.18960  5568.81040  11.10341  6.25229  3.50000  0.00000
811.21654  5558.78346  11.12059  6.25938  3.50000  0.00000
821.22542  5548.77458  11.13767  6.26642  3.50000  0.00000
831.21628  5538.78372  11.15465  6.27341  3.50000  0.00000
841.18916  5528.81084  11.17154  6.28036  3.50000  0.00000
851.14407  5518.85593  11.18833  6.28726  3.50000  0.00000
861.08106  5508.91894  11.20502  6.29412  3.50000  0.00000
871.00000  5499.00000  11.22161  6.30093  3.50000  0.00000
881.08274  5488.91726  11.23893  6.30782  3.50000  0.00000
891.14699  5478.85301  11.25733  6.31500  3.50000  0.00000
901.19279  5468.80721  11.27563  6.32214  3.50000  0.00000
911.22017  5458.77983  11.29382  6.32923  3.50000  0.00000
921.22917  5448.77083  11.31191  6.33627  3.50000  0.00000
931.21981  5438.78019  11.32989  6.34326  3.50000  0.00000
941.19213  5428.80787  11.34777  6.35021  3.50000  0.00000
951.14617  5418.85383  11.36554  6.35711  3.50000  0.00000
961.08201  5408.91799  11.38321  6.36396  3.50000  0.00000
970.99974  5399.00026  11.40078  6.37076  3.50000  0.00000
981.08413  5388.91587  11.41756  6.37714  3.50000  0.00000
991.14969  5378.85031  11.43395  6.38332  3.50000  0.00000
1001.19645  5368.80355  11.45023  6.38945  3.50000  0.00000
1011.22444  5358.77556  11.46642  6.39553  3.50000  0.00000
1021.23370  5348.76630  11.48250  6.40157  3.50000  0.00000
1031.22427  5338.77573  11.49848  6.40756  3.50000  0.00000
1041.19618  5328.80382  11.51437  6.41351  3.50000  0.00000
1051.14946  5318.85054  11.53015  6.41942  3.50000  0.00000
1061.08415  5308.91585  11.54583  6.42528  3.50000  0.00000
1071.00008  5298.99992  11.56142  6.43109  3.50000  0.00000
1081.08601  5288.91399  11.57670  6.43698  3.50000  0.00000
1091.15274  5278.84726  11.59209  6.44316  3.50000  0.00000
1101.20031  5268.79969  11.60737  6.44929  3.50000  0.00000
1111.22876  5258.77124  11.62256  6.45538  3.50000  0.00000
1121.23812  5248.76188  11.63764  6.46142  3.50000  0.00000
1131.22842  5238.77158  11.65262  6.46741  3.50000  0.00000
1141.19972  5228.80028  11.66751  6.47336  3.50000  0.00000
1151.15203  5218.84797  11.68230  6.47926  3.50000  0.00000
1161.08540  5208.91460  11.69698  6.48511  3.50000  0.00000
1170.99987  5199.00013  11.71157  6.49092  3.50000  0.00000
1181.08748  5188.91252  11.72635  6.49680  3.50000  0.00000
1191.15551  5178.84449  11.74175  6.50299  3.50000  0.00000
1201.20401  5168.79599  11.75704  6.50913  3.50000  0.00000
1211.23302  5158.76698  11.77223  6.51522  3.50000  0.00000
1221.24256  5148.75744  11.78732  6.52126  3.50000  0.00000
1231.23269  5138.76731  11.80230  6.52725  3.50000  0.00000
1241.20342  5128.79658  11.81718  6.53320  3.50000  0.00000
1251.15482  5118.84518  11.83196  6.53909  3.50000  0.00000
1261.08690  5108.91310  11.84664  6.54494  3.50000  0.00000
1271.00011  5098.99989  11.86122  6.55075  3.50000  0.00000
1281.08941  5088.91059  11.87548  6.55662  3.50000  0.00000
1291.15876  5078.84124  11.88987  6.56282  3.50000  0.00000
1301.20817  5068.79183  11.90417  6.56896  3.50000  0.00000
1311.23771  5058.76229  11.91836  6.57505  3.50000  0.00000
1321.24740  5048.75260  11.93245  6.58109  3.50000  0.00000
1331.23728  5038.76272  11.94643  6.58709  3.50000  0.00000
1341.20740  5028.79260  11.96031  6.59303  3.50000  0.00000
1351.15778  5018.84222  11.97410  6.59893  3.50000  0.00000
1361.08848  5008.91152  11.98777  6.60477  3.50000  0.00000
1370.99972  4999.00028  12.00135  6.61057  3.50000  0.00000
1381.09088  4988.90912  12.01511  6.61593  3.50000  0.00000
1391.16167  4978.83833  12.02952  6.62111  3.50000  0.00000
1401.21213  4968.78787  12.04382  6.62625  3.50000  0.00000
1411.24230  4958.75770  12.05802  6.63134  3.50000  0.00000
1421.25223  4948.74777  12.07211  6.63638  3.50000  0.00000
1431.24195  4938.75805  12.08609  6.64137  3.50000  0.00000
1441.21150  4928.78850  12.09997  6.64632  3.50000  0.00000
1451.16093  4918.83907  12.11374  6.65122  3.50000  0.00000
1461.09027  4908.90973  12.12741  6.65607  3.50000  0.00000
1470.99976  4899.00024  12.14098  6.66088  3.50000  0.00000
1481.09283  4888.90717  12.15421  6.66625  3.50000  0.00000
1491.16510  4878.83490  12.16762  6.67246  3.50000  0.00000
1501.21663  4868.78337  12.18093  6.67861  3.50000  0.00000
1511.24745  4858.75255  12.19412  6.68471  3.50000  0.00000
1521.25760  4848.74240  12.20721  6.69076  3.50000  0.00000
1531.24713  4838.75287  12.22020  6.69675  3.50000  0.00000
1541.21607  4828.78393  12.23308  6.70269  3.50000  0.00000
1551.16448  4818.83552  12.24585  6.70858  3.50000  0.00000
1561.09239  4808.90761  12.25853  6.71441  3.50000  0.00000
1571.00022  4798.99978  12.27109  6.72019  3.50000  0.00000
1581.09523  4788.90477  12.28382  6.72554  3.50000  0.00000
1591.16900  4778.83100  12.29725  6.73074  3.50000  0.00000
1601.22157  4768.77843  12.31056  6.73588  3.50000  0.00000
1611.25301  4758.74699  12.32377  6.74098  3.50000  0.00000
1621.26334  4748.73666  12.33686  6.74603  3.50000  0.00000
1631.25261  4738.74739  12.34985  6.75102  3.50000  0.00000
1641.22087  4728.77913  12.36272  6.75596  3.50000  0.00000
1651.16816  4718.83184  12.37549  6.76086  3.50000  0.00000
1661.09453  4708.90547  12.38815  6.76570  3.50000  0.00000
1671.00019  4698.99981  12.40070  6.77049  3.50000  0.00000
1681.09726  4688.90274  12.41290  6.77534  3.50000  0.00000
1691.17264  4678.82736  12.42533  6.78054  3.50000  0.00000
1701.22636  4668.77364  12.43764  6.78570  3.50000  0.00000
1711.25848  4658.74152  12.44985  6.79080  3.50000  0.00000
1721.26905  4648.73095  12.46194  6.79584  3.50000  0.00000
1731.25810  4638.74190  12.47393  6.80084  3.50000  0.00000
1741.22569  4628.77431  12.48581  6.80578  3.50000  0.00000
1751.17186  4618.82814  12.49757  6.81066  3.50000  0.00000
1761.09658  4608.90342  12.50923  6.81550  3.50000  0.00000
1770.99987  4599.00013  12.52078  6.82029  3.50000  0.00000
1781.09911  4588.90089  12.53300  6.82462  3.50000  0.00000
1791.17616  4578.82384  12.54646  6.82881  3.50000  0.00000
1801.23108  4568.76892  12.55980  6.83296  3.50000  0.00000
1811.26393  4558.73607  12.57302  6.83706  3.50000  0.00000
1821.27474  4548.72526  12.58612  6.84110  3.50000  0.00000
1831.26357  4538.73643  12.59910  6.84510  3.50000  0.00000
1841.23047  4528.76953  12.61197  6.84904  3.50000  0.00000
1851.17547  4518.82453  12.62472  6.85294  3.50000  0.00000
1861.09864  4508.90136  12.63735  6.85678  3.50000  0.00000
1871.00002  4498.99998  12.64987  6.86057  3.50000  0.00000
1881.10143  4488.89857  12.66153  6.86492  3.50000  0.00000
1891.18015  4478.81985  12.67298  6.87014  3.50000  0.00000
1901.23625  4468.76375  12.68431  6.87531  3.50000  0.00000
1911.26977  4458.73023  12.69552  6.88042  3.50000  0.00000
1921.28076  4448.71924  12.70662  6.88547  3.50000  0.00000
1931.26927  4438.73073  12.71761  6.89046  3.50000  0.00000
1941.23535  4428.76465  12.72848  6.89540  3.50000  0.00000
1951.17906  4418.82094  12.73924  6.90028  3.50000  0.00000
1961.10045  4408.89955  12.74989  6.90510  3.50000  0.00000
1970.99989  4399.00011  12.76042  6.90986  3.50000  0.00000
1981.10369  4388.89631  12.77160  6.91469  3.50000  0.00000
1991.18429  4378.81571  12.78408  6.91992  3.50000  0.00000
2001.24173  4368.75827  12.79644  6.92510  3.50000  0.00000
2011.27608  4358.72392  12.80867  6.93021  3.50000  0.00000
2021.28737  4348.71263  12.82078  6.93526  3.50000  0.00000
2031.27567  4338.72433  12.83276  6.94025  3.50000  0.00000
2041.24103  4328.75897  12.84462  6.94519  3.50000  0.00000
2051.18351  4318.81649  12.85636  6.95006  3.50000  0.00000
2061.10314  4308.89686  12.86798  6.95488  3.50000  0.00000
2071.00016  4298.99984  12.87947  6.95963  3.50000  0.00000
2081.22802  4288.77198  12.89102  6.96425  3.50000  0.00000
2091.43156  4278.56844  12.90368  6.96930  3.50000  0.00000
2101.61081  4268.38919  12.91620  6.97429  3.50000  0.00000
2111.76585  4258.23415  12.92859  6.97922  3.50000  0.00000
2121.89673  4248.10327  12.94085  6.98408  3.50000  0.00000
2132.00351  4237.99649  12.95297  6.98888  3.50000  0.00000
2142.08624  4227.91376  12.96497  6.99362  3.50000  0.00000
2152.14499  4217.85501  12.97683  6.99829  3.50000  0.00000
2162.17980  4207.82020  12.98857  7.00290  3.50000  0.00000
2172.19074  4197.80926  13.00017  7.00745  3.50000  0.00000
2182.17786  4187.82214  13.01165  7.01194  3.50000  0.00000
2192.14122  4177.85878  13.02300  7.01637  3.50000  0.00000
2202.08088  4167.91912  13.03422  7.02074  3.50000  0.00000
2211.99689  4158.00311  13.04531  7.02505  3.50000  0.00000
2221.88930  4148.11070  13.05628  7.02930  3.50000  0.00000
2231.75819  4138.24181  13.06712  7.03348  3.50000  0.00000
2241.60359  4128.39641  13.07784  7.03761  3.50000  0.00000
2251.42557  4118.57443  13.08843  7.04168  3.50000  0.00000
2261.22418  4108.77582  13.09890  7.04569  3.50000  0.00000
2270.99995  4099.00005  13.10925  7.04964  3.50000  0.00000
2281.23939  4088.76061  13.12003  7.05349  3.50000  0.00000
2291.45324  4078.54676  13.13279  7.05807  3.50000  0.00000
2301.64158  4068.35842  13.14541  7.06259  3.50000  0.00000
2311.80447  4058.19553  13.15788  7.06704  3.50000  0.00000
2321.94198  4048.05802  13.17021  7.07142  3.50000  0.00000
2332.05415  4037.94585  13.18239  7.07573  3.50000  0.00000
2342.14107  4027.85893  13.19443  7.07998  3.50000  0.00000
2352.20279  4017.79721  13.20633  7.08417  3.50000  0.00000
2362.23938  4007.76062  13.21809  7.08829  3.50000  0.00000
2372.25090  3997.74910  13.22970  7.09234  3.50000  0.00000
2382.23740  3987.76260  13.24118  7.09633  3.50000  0.00000
2392.19896  3977.80104  13.25251  7.10026  3.50000  0.00000
2402.13564  3967.86436  13.26371  7.10412  3.50000  0.00000
2412.04749  3957.95251  13.27477  7.10792  3.50000  0.00000
2421.93458  3948.06542  13.28569  7.11165  3.50000  0.00000
2431.79698  3938.20302  13.29647  7.11533  3.50000  0.00000
2441.63473  3928.36527  13.30711  7.11894  3.50000  0.00000
2451.44792  3918.55208  13.31762  7.12248  3.50000  0.00000
2461.23659  3908.76341  13.32800  7.12597  3.50000  0.00000
2471.00006  3898.99994  13.33823  7.12939  3.50000  0.00000
2481.11744  3888.88256  13.34901  7.13340  3.50000  0.00000
2491.20857  3878.79143  13.36161  7.13870  3.50000  0.00000
2501.27351  3868.72649  13.37405  7.14391  3.50000  0.00000
2511.31234  3858.68766  13.38634  7.14905  3.50000  0.00000
2521.32512  3848.67488  13.39848  7.15412  3.50000  0.00000
2531.31192  3838.68808  13.41046  7.15911  3.50000  0.00000
2541.27280  3828.72720  13.42229  7.16403  3.50000  0.00000
2551.20784  3818.79216  13.43396  7.16887  3.50000  0.00000
2561.11709  3808.88291  13.44549  7.17364  3.50000  0.00000
2571.00005  3798.99995  13.45687  7.17834  3.50000  0.00000
2581.12051  3788.87949  13.46841  7.18259  3.50000  0.00000
2591.21400  3778.78600  13.48104  7.18687  3.50000  0.00000
2601.28060  3768.71940  13.49350  7.19109  3.50000  0.00000
2611.32039  3758.67961  13.50580  7.19522  3.50000  0.00000
2621.33343  3748.66657  13.51794  7.19929  3.50000  0.00000
2631.31980  3738.68020  13.52993  7.20328  3.50000  0.00000
2641.27957  3728.72043  13.54175  7.20720  3.50000  0.00000
2651.21280  3718.78720  13.55341  7.21105  3.50000  0.00000
2661.11957  3708.88043  13.56491  7.21483  3.50000  0.00000
2670.99995  3699.00005  13.57626  7.21854  3.50000  0.00000
2681.08206  3688.91794  13.58743  7.22313  3.50000  0.00000
2691.13670  3678.86330  13.59925  7.22905  3.50000  0.00000
2701.16393  3668.83607  13.61091  7.23489  3.50000  0.00000
2711.16383  3658.83617  13.62240  7.24063  3.50000  0.00000
2721.13647  3648.86353  13.63373  7.24630  3.50000  0.00000
2731.08194  3638.91806  13.64489  7.25187  3.50000  0.00000
2741.00001  3628.99999  13.65590  7.25737  3.50000  0.00000
2751.03559  3618.96441  13.66254  7.25976  3.50000  0.00000
2761.04341  3608.95659  13.66539  7.25936  3.50000  0.00000
2771.02356  3598.97644  13.66811  7.25891  3.50000  0.00000
2780.97611  3589.02389  13.67072  7.25840  3.50000  0.00000
2790.90114  3579.09886  13.67321  7.25784  3.50000  0.00000
2800.79872  3569.20128  13.67558  7.25723  3.50000  0.00000
2810.66892  3559.33108  13.67783  7.25657  3.50000  0.00000
2820.51184  3549.48816  13.67997  7.25585  3.50000  0.00000
2830.32753  3539.67247  13.68198  7.25508  3.50000  0.00000
2840.11608  3529.88392  13.68389  7.25427  3.50000  0.00000
2849.87757  3520.12243  13.68568  7.25340  3.50000  0.00000
2859.61205  3510.38795  13.68735  7.25248  3.50000  0.00000
2869.31962  3500.68038  13.68891  7.25151  3.50000  0.00000
2878.99994  3491.00006  13.71000  7.26000  3.50000  0.00000
2888.99986  3481.00014  13.67073  7.23920  3.50000  0.00000
2890.99997  3479.00003  13.70212  7.25583  3.50000  0.00000
2901.10206  3468.89794  8.03660  0.00100  3.50000  0.00000
2911.17481  3458.82519  8.05464  0.00100  3.50000  0.00000
2921.21831  3448.78169  8.07252  0.00100  3.50000  0.00000
2931.23265  3438.76735  8.09022  0.00100  3.50000  0.00000
2941.21791  3428.78209  8.10775  0.00100  3.50000  0.00000
2951.17418  3418.82582  8.12511  0.00100  3.50000  0.00000
2961.10153  3408.89847  8.14231  0.00100  3.50000  0.00000
2971.00006  3398.99994  8.17967  0.00100  3.50000  0.00000
2981.13495  3388.86505  8.19616  0.00100  3.50000  0.00000
2991.23962  3378.76038  8.21281  0.00100  3.50000  0.00000
3001.31416  3368.68584  8.22930  0.00100  3.50000  0.00000
3011.35866  3358.64134  8.24561  0.00100  3.50000  0.00000
3021.37334  3348.62666  8.26175  0.00100  3.50000  0.00000
3031.35803  3338.64197  8.27773  0.00100  3.50000  0.00000
3041.31295  3328.68705  8.29353  0.00100  3.50000  0.00000
3051.23818  3318.76182  8.30917  0.00100  3.50000  0.00000
3061.13382  3308.86618  8.32463  0.00100  3.50000  0.00000
3070.99996  3299.00004  8.33994  0.00100  3.50000  0.00000
3081.13896  3288.86104  8.35504  0.00100  3.50000  0.00000
3091.24680  3278.75320  8.37071  0.00100  3.50000  0.00000
3101.32357  3268.67643  8.38621  0.00100  3.50000  0.00000
3111.36938  3258.63062  8.40153  0.00100  3.50000  0.00000
3121.38431  3248.61569  8.41667  0.00100  3.50000  0.00000
3131.36846  3238.63154  8.43165  0.00100  3.50000  0.00000
3141.32193  3228.67807  8.44645  0.00100  3.50000  0.00000
3151.24480  3218.75520  8.46108  0.00100  3.50000  0.00000
3161.13718  3208.86282  8.47554  0.00100  3.50000  0.00000
3171.00014  3198.99986  8.48983  0.00100  3.50000  0.00000
3181.14372  3188.85628  8.50442  0.00100  3.50000  0.00000
3191.25514  3178.74486  8.52013  0.00100  3.50000  0.00000
3201.33449  3168.66551  8.53565  0.00100  3.50000  0.00000
3211.38189  3158.61811  8.55098  0.00100  3.50000  0.00000
3221.39742  3148.60258  8.56614  0.00100  3.50000  0.00000
3231.38120  3138.61880  8.58111  0.00100  3.50000  0.00000
3241.33332  3128.66668  8.59590  0.00100  3.50000  0.00000
3251.25389  3118.74611  8.61051  0.00100  3.50000  0.00000
3261.14299  3108.85701  8.62494  0.00100  3.50000  0.00000
3270.99979  3099.00021  8.63920  0.00100  3.50000  0.00000
3281.14808  3088.85192  8.65324  0.00100  3.50000  0.00000
3291.26313  3078.73687  8.66796  0.00100  3.50000  0.00000
3301.34505  3068.65495  8.68250  0.00100  3.50000  0.00000
3311.39397  3058.60603  8.69684  0.00100  3.50000  0.00000
3321.40997  3048.59003  8.71100  0.00100  3.50000  0.00000
3331.39318  3038.60682  8.72498  0.00100  3.50000  0.00000
3341.34369  3028.65631  8.73876  0.00100  3.50000  0.00000
3351.26162  3018.73838  8.75237  0.00100  3.50000  0.00000
3361.14707  3008.85293  8.76579  0.00100  3.50000  0.00000
3370.99992  2999.00008  8.77903  0.00100  3.50000  0.00000
3381.15318  2988.84682  8.79204  0.00100  3.50000  0.00000
3391.27207  2978.72793  8.80578  0.00100  3.50000  0.00000
3401.35670  2968.64330  8.81932  0.00100  3.50000  0.00000
3411.40719  2958.59281  8.83268  0.00100  3.50000  0.00000
3421.42365  2948.57635  8.84584  0.00100  3.50000  0.00000
3431.40620  2938.59380  8.85882  0.00100  3.50000  0.00000
3441.35496  2928.64504  8.87160  0.00100  3.50000  0.00000
3451.27003  2918.72997  8.88420  0.00100  3.50000  0.00000
3461.15153  2908.84847  8.89661  0.00100  3.50000  0.00000
3471.00003  2898.99997  8.90883  0.00100  3.50000  0.00000
3481.15865  2888.84135  8.92080  0.00100  3.50000  0.00000
3491.28168  2878.71832  8.93356  0.00100  3.50000  0.00000
3501.36923  2868.63077  8.94612  0.00100  3.50000  0.00000
3511.42144  2858.57856  8.95849  0.00100  3.50000  0.00000
3521.43841  2848.56159  8.97066  0.00100  3.50000  0.00000
3531.42029  2838.57971  8.98263  0.00100  3.50000  0.00000
3541.36719  2828.63281  8.99442  0.00100  3.50000  0.00000
3551.27924  2818.72076  9.00600  0.00100  3.50000  0.00000
3561.15655  2808.84345  9.01740  0.00100  3.50000  0.00000
3571.00010  2798.99990  9.02860  0.00100  3.50000  0.00000
3581.16469  2788.83531  9.04004  0.00100  3.50000  0.00000
3591.29237  2778.70763  9.05285  0.00100  3.50000  0.00000
3601.38326  2768.61674  9.06545  0.00100  3.50000  0.00000
3611.43751  2758.56249  9.07784  0.00100  3.50000  0.00000
3621.45525  2748.54475  9.09002  0.00100  3.50000  0.00000
3631.43661  2738.56339  9.10200  0.00100  3.50000  0.00000
3641.38172  2728.61828  9.11376  0.00100  3.50000  0.00000
3651.29072  2718.70928  9.12532  0.00100  3.50000  0.00000
3661.16373  2708.83627  9.13668  0.00100  3.50000  0.00000
3671.00006  2698.99994  9.14783  0.00100  3.50000  0.00000
3681.17087  2688.82913  9.15871  0.00100  3.50000  0.00000
3691.30335  2678.69665  9.17055  0.00100  3.50000  0.00000
3701.39765  2668.60235  9.18217  0.00100  3.50000  0.00000
3711.45390  2658.54610  9.19358  0.00100  3.50000  0.00000
3721.47227  2648.52773  9.20477  0.00100  3.50000  0.00000
3731.45288  2638.54712  9.21574  0.00100  3.50000  0.00000
3741.39587  2628.60413  9.22650  0.00100  3.50000  0.00000
3751.30140  2618.69860  9.23705  0.00100  3.50000  0.00000
3761.16961  2608.83039  9.24739  0.00100  3.50000  0.00000
3771.00003  2598.99997  9.25751  0.00100  3.50000  0.00000
3781.17741  2588.82259  9.26733  0.00100  3.50000  0.00000
3791.31495  2578.68505  9.27821  0.00100  3.50000  0.00000
3801.41279  2568.58721  9.28885  0.00100  3.50000  0.00000
3811.47108  2558.52892  9.29927  0.00100  3.50000  0.00000
3821.48999  2548.51001  9.30947  0.00100  3.50000  0.00000
3831.46967  2538.53033  9.31944  0.00100  3.50000  0.00000
3841.41026  2528.58974  9.32920  0.00100  3.50000  0.00000
3851.31194  2518.68806  9.33873  0.00100  3.50000  0.00000
3861.17483  2508.82517  9.34805  0.00100  3.50000  0.00000
3871.00006  2498.99994  9.35715  0.00100  3.50000  0.00000
3881.18481  2488.81519  9.36643  0.00100  3.50000  0.00000
3891.32804  2478.67196  9.37737  0.00100  3.50000  0.00000
3901.42994  2468.57006  9.38806  0.00100  3.50000  0.00000
3911.49067  2458.50933  9.39852  0.00100  3.50000  0.00000
3921.51039  2448.48961  9.40873  0.00100  3.50000  0.00000
3931.48928  2438.51072  9.41870  0.00100  3.50000  0.00000
3941.42750  2428.57250  9.42844  0.00100  3.50000  0.00000
3951.32521  2418.67479  9.43794  0.00100  3.50000  0.00000
3961.18259  2408.81741  9.44720  0.00100  3.50000  0.00000
3970.99998  2399.00002  9.45623  0.00100  3.50000  0.00000
3981.19268  2388.80732  9.46545  0.00100  3.50000  0.00000
3991.34208  2378.65792  9.47646  0.00100  3.50000  0.00000
4001.44835  2368.55165  9.48721  0.00100  3.50000  0.00000
4011.51169  2358.48831  9.49770  0.00100  3.50000  0.00000
4021.53227  2348.46773  9.50793  0.00100  3.50000  0.00000
4031.51028  2338.48972  9.51790  0.00100  3.50000  0.00000
4041.44589  2328.55411  9.52762  0.00100  3.50000  0.00000
4051.33929  2318.66071  9.53708  0.00100  3.50000  0.00000
4061.19065  2308.80935  9.54629  0.00100  3.50000  0.00000
4070.99999  2299.00001  9.55524  0.00100  3.50000  0.00000
4081.20138  2288.79862  9.56386  0.00100  3.50000  0.00000
4091.35733  2278.64267  9.57393  0.00100  3.50000  0.00000
4101.46822  2268.53178  9.58372  0.00100  3.50000  0.00000
4111.53424  2258.46576  9.59323  0.00100  3.50000  0.00000
4121.55560  2248.44440  9.60248  0.00100  3.50000  0.00000
4131.53249  2238.46751  9.61145  0.00100  3.50000  0.00000
4141.46511  2228.53489  9.62015  0.00100  3.50000  0.00000
4151.35366  2218.64634  9.62859  0.00100  3.50000  0.00000
4161.19833  2208.80167  9.63676  0.00100  3.50000  0.00000
4170.99999  2199.00001  9.64466  0.00100  3.50000  0.00000
4181.21070  2188.78930  9.65220  0.00100  3.50000  0.00000
4191.37400  2178.62600  9.66133  0.00100  3.50000  0.00000
4201.49011  2168.50989  9.67016  0.00100  3.50000  0.00000
4211.55924  2158.44076  9.67870  0.00100  3.50000  0.00000
4221.58162  2148.41838  9.68696  0.00100  3.50000  0.00000
4231.55746  2138.44254  9.69493  0.00100  3.50000  0.00000
4241.48698  2128.51302  9.70262  0.00100  3.50000  0.00000
4251.37039  2118.62961  9.71003  0.00100  3.50000  0.00000
4261.20791  2108.79209  9.71716  0.00100  3.50000  0.00000
4270.99992  2099.00008  9.72401  0.00100  3.50000  0.00000
4281.22092  2088.77908  9.73149  0.00100  3.50000  0.00000
4291.39231  2078.60769  9.74176  0.00100  3.50000  0.00000
4301.51417  2068.48583  9.75170  0.00100  3.50000  0.00000
4311.58674  2058.41326  9.76132  0.00100  3.50000  0.00000
4321.61026  2048.38974  9.77060  0.00100  3.50000  0.00000
4331.58497  2038.41503  9.77957  0.00100  3.50000  0.00000
4341.51111  2028.48889  9.78822  0.00100  3.50000  0.00000
4351.38891  2018.61109  9.79655  0.00100  3.50000  0.00000
4361.21862  2008.78138  9.80456  0.00100  3.50000  0.00000
4370.99984  1999.00016  9.81228  0.00100  3.50000  0.00000
4381.23230  1988.76770  9.81907  0.00100  3.50000  0.00000
4391.41238  1978.58762  9.82739  0.00100  3.50000  0.00000
4401.54036  1968.45964  9.83537  0.00100  3.50000  0.00000
4411.61649  1958.38351  9.84301  0.00100  3.50000  0.00000
4421.64104  1948.35896  9.85031  0.00100  3.50000  0.00000
4431.61428  1938.38572  9.85728  0.00100  3.50000  0.00000
4441.53647  1928.46353  9.86392  0.00100  3.50000  0.00000
4451.40787  1918.59213  9.87023  0.00100  3.50000  0.00000
4461.22874  1908.77126  9.87622  0.00100  3.50000  0.00000
4471.00007  1898.99993  9.88189  0.00100  3.50000  0.00000
4481.24526  1888.75474  9.88813  0.00100  3.50000  0.00000
4491.43517  1878.56483  9.89763  0.00100  3.50000  0.00000
4501.57011  1868.42989  9.90674  0.00100  3.50000  0.00000
4511.65038  1858.34962  9.91546  0.00100  3.50000  0.00000
4521.67625  1848.32375  9.92380  0.00100  3.50000  0.00000
4531.64804  1838.35196  9.93177  0.00100  3.50000  0.00000
4541.56603  1828.43397  9.93935  0.00100  3.50000  0.00000
4551.43052  1818.56948  9.94657  0.00100  3.50000  0.00000
4561.24178  1808.75822  9.95342  0.00100  3.50000  0.00000
4570.99997  1799.00003  9.95991  0.00100  3.50000  0.00000
4581.25927  1788.74073  9.96595  0.00100  3.50000  0.00000
4591.46006  1778.53994  9.97457  0.00100  3.50000  0.00000
4601.60267  1768.39733  9.98277  0.00100  3.50000  0.00000
4611.68745  1758.31255  9.99056  0.00100  3.50000  0.00000
4621.71471  1748.28529  9.99793  0.00100  3.50000  0.00000
4631.68479  1738.31521  10.00489  0.00100  3.50000  0.00000
4641.59802  1728.40198  10.01145  0.00100  3.50000  0.00000
4651.45471  1718.54529  10.01760  0.00100  3.50000  0.00000
4661.25519  1708.74481  10.02336  0.00100  3.50000  0.00000
4671.00004  1698.99996  10.02873  0.00100  3.50000  0.00000
4681.27529  1688.72471  10.03359  0.00100  3.50000  0.00000
4691.48840  1678.51160  10.04137  0.00100  3.50000  0.00000
4701.63974  1668.36026  10.04868  0.00100  3.50000  0.00000
4711.72969  1658.27031  10.05553  0.00100  3.50000  0.00000
4721.75861  1648.24139  10.06194  0.00100  3.50000  0.00000
4731.72689  1638.27311  10.06790  0.00100  3.50000  0.00000
4741.63487  1628.36513  10.07342  0.00100  3.50000  0.00000
4751.48294  1618.51706  10.07850  0.00100  3.50000  0.00000
4761.27144  1608.72856  10.08316  0.00100  3.50000  0.00000
4771.00001  1598.99999  10.08739  0.00100  3.50000  0.00000
4781.29314  1588.70686  10.09210  0.00100  3.50000  0.00000
4791.52001  1578.47999  10.10116  0.00100  3.50000  0.00000
4801.68105  1568.31895  10.10967  0.00100  3.50000  0.00000
4811.77667  1558.22333  10.11766  0.00100  3.50000  0.00000
4821.80731  1548.19269  10.12513  0.00100  3.50000  0.00000
4831.77338  1538.22662  10.13208  0.00100  3.50000  0.00000
4841.67530  1528.32470  10.13852  0.00100  3.50000  0.00000
4851.51348  1518.48652  10.14446  0.00100  3.50000  0.00000
4861.28832  1508.71168  10.14990  0.00100  3.50000  0.00000
4871.00001  1498.99999  10.15485  0.00100  3.50000  0.00000
4881.31347  1488.68653  10.15925  0.00100  3.50000  0.00000
4891.55598  1478.44402  10.16753  0.00100  3.50000  0.00000
4901.72801  1468.27199  10.17522  0.00100  3.50000  0.00000
4911.83005  1458.16995  10.18232  0.00100  3.50000  0.00000
4921.86260  1448.13740  10.18884  0.00100  3.50000  0.00000
4931.82611  1438.17389  10.19479  0.00100  3.50000  0.00000
4941.72107  1428.27893  10.20017  0.00100  3.50000  0.00000
4951.54796  1418.45204  10.20500  0.00100  3.50000  0.00000
4961.30723  1408.69277  10.20928  0.00100  3.50000  0.00000
4971.00000  1399.00000  10.21301  0.00100  3.50000  0.00000
4981.33710  1388.66290  10.21663  0.00100  3.50000  0.00000
4991.59783  1378.40217  10.22525  0.00100  3.50000  0.00000
5001.78273  1368.21727  10.23319  0.00100  3.50000  0.00000
5011.89239  1358.10761  10.24045  0.00100  3.50000  0.00000
5021.92734  1348.07266  10.24705  0.00100  3.50000  0.00000
5031.88814  1338.11186  10.25299  0.00100  3.50000  0.00000
5041.77535  1328.22465  10.25828  0.00100  3.50000  0.00000
5051.58950  1318.41050  10.26293  0.00100  3.50000  0.00000
5061.33113  1308.66887  10.26696  0.00100  3.50000  0.00000
5071.00019  1298.99981  10.27037  0.00100  3.50000  0.00000
5081.01641  1288.98359  10.27465  0.00100  3.50000  0.00000
5090.95540  1279.04460  10.28303  0.00100  3.50000  0.00000
5100.81775  1269.18225  10.29068  0.00100  3.50000  0.00000
5110.60405  1259.39595  10.29759  0.00100  3.50000  0.00000
5120.31490  1249.68510  10.30379  0.00100  3.50000  0.00000
5129.95087  1240.04913  10.30928  0.00100  3.50000  0.00000
5139.51254  1230.48746  10.31408  0.00100  3.50000  0.00000
5148.99992  1221.00008  10.36000  0.00100  3.50000  0.00000
5160.05001  1209.94999  10.93018  3.46833  3.50000  0.00000
5171.00009  1198.99991  10.98781  3.49173  3.50000  0.00000
5181.39652  1188.60348  10.99569  3.49702  3.50000  0.00000
5191.70280  1178.29720  11.00228  3.50130  3.50000  0.00000
5201.91972  1168.08028  11.00793  3.50524  3.50000  0.00000
5212.04805  1157.95195  11.01266  3.50885  3.50000  0.00000
5222.08856  1147.91144  11.01648  3.51214  3.50000  0.00000
5232.04201  1137.95799  11.01940  3.51511  3.50000  0.00000
5241.90915  1128.09085  11.02145  3.51776  3.50000  0.00000
5251.69073  1118.30927  11.02263  3.52009  3.50000  0.00000
5261.38750  1108.61250  11.02296  3.52213  3.50000  0.00000
5271.00002  1098.99998  11.02246  3.52386  3.50000  0.00000
5281.43475  1088.56525  11.02195  3.52503  3.50000  0.00000
5291.77040  1078.22960  11.03033  3.52848  3.50000  0.00000
5302.00792  1067.99208  11.03756  3.53155  3.50000  0.00000
5312.14824  1057.85176  11.04366  3.53425  3.50000  0.00000
5322.19228  1047.80772  11.04865  3.53658  3.50000  0.00000
5332.14095  1037.85905  11.05255  3.53854  3.50000  0.00000
5341.99516  1028.00484  11.05538  3.54015  3.50000  0.00000
5351.75580  1018.24420  11.05715  3.54140  3.50000  0.00000
5361.42378  1008.57622  11.05790  3.54232  3.50000  0.00000
5370.99996  999.00004  11.05764  3.54289  3.50000  0.00000
5381.48122  988.51878  11.05623  3.54334  3.50000  0.00000
5391.85252  978.14748  11.06450  3.54711  3.50000  0.00000
5402.11500  967.88500  11.07137  3.55042  3.50000  0.00000
5412.26981  957.73019  11.07689  3.55326  3.50000  0.00000
5422.31808  947.68192  11.08107  3.55566  3.50000  0.00000
5432.26093  937.73907  11.08394  3.55761  3.50000  0.00000
5442.09946  927.90054  11.08554  3.55913  3.50000  0.00000
5451.83476  918.16524  11.08588  3.56023  3.50000  0.00000
5461.46793  908.53207  11.08499  3.56091  3.50000  0.00000
5471.00002  898.99998  11.08289  3.56118  3.50000  0.00000
5481.53894  888.46106  11.07941  3.56128  3.50000  0.00000
5491.95430  878.04570  11.08790  3.56549  3.50000  0.00000
5502.24757  867.75243  11.09467  3.56912  3.50000  0.00000
5512.42017  857.57983  11.09976  3.57217  3.50000  0.00000
5522.47352  847.52648  11.10320  3.57465  3.50000  0.00000
5532.40901  837.59099  11.10503  3.57659  3.50000  0.00000
5542.22803  827.77197  11.10530  3.57799  3.50000  0.00000
5551.93194  818.06806  11.10404  3.57886  3.50000  0.00000
5561.52209  808.47791  11.10127  3.57923  3.50000  0.00000
5570.99994  799.00006  11.09704  3.57909  3.50000  0.00000
5581.61234  788.38766  11.09223  3.57816  3.50000  0.00000
5592.08377  777.91623  11.10369  3.58189  3.50000  0.00000
5602.41613  767.58387  11.11288  3.58489  3.50000  0.00000
5612.61125  757.38875  11.11987  3.58718  3.50000  0.00000
5622.67095  747.32905  11.12471  3.58877  3.50000  0.00000
5632.59705  737.40295  11.12747  3.58969  3.50000  0.00000
5642.39130  727.60870  11.12818  3.58996  3.50000  0.00000
5652.05547  717.94453  11.12692  3.58958  3.50000  0.00000
5661.59127  708.40873  11.12373  3.58858  3.50000  0.00000
5671.00010  698.99990  11.11866  3.58697  3.50000  0.00000
5681.70900  688.29100  11.11169  3.58551  3.50000  0.00000
5692.25384  677.74616  11.12485  3.59128  3.50000  0.00000
5702.63712  667.36288  11.13500  3.59603  3.50000  0.00000
5712.86133  657.13867  11.14222  3.59979  3.50000  0.00000
5722.92891  647.07109  11.14661  3.60259  3.50000  0.00000
5732.84224  637.15776  11.14826  3.60446  3.50000  0.00000
5742.60370  627.39630  11.14723  3.60543  3.50000  0.00000
5752.21561  617.78439  11.14362  3.60552  3.50000  0.00000
5761.68026  608.31974  11.13750  3.60476  3.50000  0.00000
5770.99991  599.00009  11.12896  3.60318  3.50000  0.00000
5783.04580  586.95420  11.12332  3.60231  3.50000  0.00000
5794.84945  575.15055  11.17156  3.61867  3.50000  0.00000
5806.41572  563.58428  11.21336  3.63290  3.50000  0.00000
5817.74940  552.25060  11.24896  3.64511  3.50000  0.00000
5828.85516  541.14484  11.27860  3.65535  3.50000  0.00000
5839.73758  530.26242  11.30249  3.66371  3.50000  0.00000
5850.40115  519.59885  11.32086  3.67025  3.50000  0.00000
5860.85028  509.14972  11.33392  3.67505  3.50000  0.00000
5871.08928  498.91072  11.34188  3.67817  3.50000  0.00000
5881.12237  488.87763  11.34493  3.67968  3.50000  0.00000
5890.95377  479.04623  11.34327  3.67964  3.50000  0.00000
5900.58739  469.41261  11.33710  3.67812  3.50000  0.00000
5910.02727  459.97273  11.32658  3.67516  3.50000  0.00000
5919.27732  450.72268  11.31190  3.67084  3.50000  0.00000
5928.34135  441.65865  11.29323  3.66521  3.50000  0.00000
5937.22311  432.77689  11.27074  3.65832  3.50000  0.00000
5945.92625  424.07375  11.24459  3.65022  3.50000  0.00000
5954.45437  415.54563  11.21493  3.64097  3.50000  0.00000
5962.81099  407.18901  11.18191  3.63062  3.50000  0.00000
5971.00005  398.99995  11.14568  3.61920  3.50000  0.00000
5991.49856  378.50144  11.42349  3.70987  3.50000  0.00000
6010.94397  359.05603  12.28031  3.98864  3.50000  0.00000
6029.39038  340.60962  13.01894  4.22897  3.50000  0.00000
6046.88910  323.11090  13.64926  4.43408  3.50000  0.00000
6063.48884  306.51116  14.18045  4.60696  3.50000  0.00000
6079.23577  290.76423  14.62104  4.75036  3.50000  0.00000
6094.17370  275.82630  14.97894  4.86688  3.50000  0.00000
6108.34420  261.65580  15.26147  4.95888  3.50000  0.00000
6121.78670  248.21330  15.47543  5.02859  3.50000  0.00000
6134.53859  235.46141  15.62713  5.07804  3.50000  0.00000
6146.63536  223.36464  15.72240  5.10914  3.50000  0.00000
6158.11066  211.88934  15.76663  5.12364  3.50000  0.00000
6168.99641  201.00359  15.76482  5.12317  3.50000  0.00000
6179.32292  190.67708  15.72158  5.10922  3.50000  0.00000
6189.11890  180.88110  15.64118  5.08319  3.50000  0.00000
6198.41162  171.58838  15.52754  5.04634  3.50000  0.00000
6207.22693  162.77307  15.38430  4.99987  3.50000  0.00000
6215.58935  154.41065  15.21479  4.94485  3.50000  0.00000
6223.52216  146.47784  15.02209  4.88228  3.50000  0.00000
6231.04741  138.95259  14.80904  4.81310  3.50000  0.00000
6238.18607  131.81393  14.57823  4.73813  3.50000  0.00000
6244.95797  125.04203  14.33204  4.65817  3.50000  0.00000
6251.38197  118.61803  14.07268  4.57391  3.50000  0.00000
6257.47594  112.52406  13.80214  4.48602  3.50000  0.00000
6263.25683  106.74317  13.52225  4.39509  3.50000  0.00000
6268.74074  101.25926  13.23469  4.30166  3.50000  0.00000
6273.94290  96.05710  12.94099  4.20623  3.50000  0.00000
6278.87781  91.12219  12.64254  4.10925  3.50000  0.00000
6283.55919  86.44081  12.34059  4.01114  3.50000  0.00000
6288.00006  81.99994  12.03630  3.91226  3.50000  0.00000
6292.21279  77.78721  11.73071  3.81295  3.50000  0.00000
6296.20908  73.79092  11.42474  3.71352  3.50000  0.00000
6300.00001  69.99999  11.11927  3.61425  3.50000  0.00000
6370.00000  0.00000  11.11927  3.61425  3.50000  0.00000
