     0.00000  1737.00000     3.20000     1.80000     2.95000    6000.00
    11.40000  1725.59998     3.20000     1.80000     2.95000    6000.00
    11.40000  1725.59998     5.50000     3.30000     2.95000    6000.00
    27.40000  1709.59998     5.50000     3.30000     2.95000    6000.00
    27.40000  1709.59998     7.59000     4.36000     2.95000    6000.00
    37.73333  1699.26660     7.59000     4.36000     2.95000    6000.00
    48.06667  1688.93335     7.59000     4.36000     2.95000    6000.00
    58.40000  1678.59998     7.59000     4.36000     2.95000    6000.00
    68.73333  1668.26660     7.59000     4.36000     2.95000    6000.00
    79.06667  1657.93335     7.59000     4.36000     2.95000    6000.00
    89.40000  1647.59998     7.59000     4.36000     2.95000    6000.00
   100.51111  1636.48889     7.60000     4.36444     3.00111    6000.00
   111.62222  1625.37781     7.61000     4.36889     3.05222    6000.00
   122.73333  1614.26660     7.62000     4.37333     3.10333    6000.00
   133.84445  1603.15552     7.63000     4.37778     3.15444    6000.00
   144.95555  1592.04443     7.64000     4.38222     3.20556    6000.00
   156.06665  1580.93335     7.65000     4.38667     3.25667    6000.00
   167.17776  1569.82214     7.66000     4.39111     3.30778    6000.00
   178.28888  1558.71106     7.67000     4.39556     3.35889    6000.00
   189.39999  1547.59998     7.68000     4.40000     3.41000    6000.00
   199.39999  1537.59998     7.68700     4.40400     3.41000    6000.00
   209.39999  1527.59998     7.69400     4.40800     3.41000    6000.00
   219.39999  1517.59998     7.70100     4.41200     3.41000    6000.00
   229.39999  1507.59998     7.70800     4.41600     3.41000    6000.00
   239.39999  1497.59998     7.71500     4.42000     3.41000    6000.00
   249.39999  1487.59998     7.72200     4.42400     3.41000    6000.00
   259.39999  1477.59998     7.72900     4.42800     3.41000    6000.00
   269.39999  1467.59998     7.73600     4.43200     3.41000    6000.00
   279.39999  1457.59998     7.74300     4.43600     3.41000    6000.00
   289.39999  1447.59998     7.75000     4.44000     3.41000    6000.00
   299.39999  1437.59998     7.75700     4.44300     3.41000    6000.00
   309.39999  1427.59998     7.76400     4.44600     3.41000    6000.00
   319.39999  1417.59998     7.77100     4.44900     3.41000    6000.00
   329.39999  1407.59998     7.77800     4.45200     3.41000    6000.00
   339.39999  1397.59998     7.78500     4.45500     3.41000    6000.00
   349.39999  1387.59998     7.79200     4.45800     3.41000    6000.00
   359.39999  1377.59998     7.79900     4.46100     3.41000    6000.00
   369.39999  1367.59998     7.80600     4.46400     3.41000    6000.00
   379.39999  1357.59998     7.81300     4.46700     3.41000    6000.00
   389.39999  1347.59998     7.82000     4.47000     3.41000    6000.00
   399.96667  1337.03333     7.82667     4.47333     3.41000    5500.00
   410.53333  1326.46667     7.83333     4.47667     3.41000    5000.00
   421.10001  1315.90002     7.84000     4.48000     3.41000    4500.00
   431.66666  1305.33337     7.84667     4.48333     3.41000    4000.00
   442.23334  1294.76660     7.85333     4.48667     3.41000    3500.00
   452.79999  1284.19995     7.86000     4.49000     3.41000    3000.00
   463.36667  1273.63330     7.86667     4.49333     3.41000    2500.00
   473.93335  1263.06665     7.87333     4.49667     3.41000    2000.00
   484.50000  1252.50000     7.88000     4.50000     3.41000    1500.00
   494.98999  1242.01001     7.88700     4.50300     3.41000    1500.00
   505.48001  1231.52002     7.89400     4.50600     3.41000    1500.00
   515.97003  1221.03003     7.90100     4.50900     3.41000    1500.00
   526.46002  1210.54004     7.90800     4.51200     3.41000    1500.00
   536.95001  1200.05005     7.91500     4.51500     3.41000    1500.00
   547.44000  1189.55994     7.92200     4.51800     3.41000    1500.00
   557.92999  1179.06995     7.92900     4.52100     3.41000    1500.00
   568.42004  1168.57996     7.93600     4.52400     3.41000    1500.00
   578.91003  1158.08997     7.94300     4.52700     3.41000    1500.00
   589.40002  1147.59998     7.95000     4.53000     3.41000    1500.00
   599.76428  1137.23572     7.95500     4.53214     3.41000    1500.00
   610.12860  1126.87146     7.96000     4.53429     3.41000    1500.00
   620.49286  1116.50708     7.96500     4.53643     3.41000    1500.00
   630.85718  1106.14282     7.97000     4.53857     3.41000    1500.00
   641.22144  1095.77856     7.97500     4.54071     3.41000    1500.00
   651.58575  1085.41431     7.98000     4.54286     3.41000    1500.00
   661.95001  1075.05005     7.98500     4.54500     3.41000    1500.00
   672.31427  1064.68567     7.99000     4.54714     3.41000    1500.00
   682.67859  1054.32141     7.99500     4.54929     3.41000    1500.00
   693.04285  1043.95715     8.00000     4.55143     3.41000    1500.00
   703.40717  1033.59290     8.00500     4.55357     3.41000    1500.00
   713.77142  1023.22858     8.01000     4.55571     3.41000    1500.00
   724.13574  1012.86426     8.01500     4.55786     3.41000    1500.00
   734.50000  1002.50000     8.02000     4.56000     3.41000    1500.00
   745.47998   991.52002     8.02600     4.56200     3.41000    1500.00
   756.46002   980.53998     8.03200     4.56400     3.41000    1500.00
   767.44000   969.56000     8.03800     4.56600     3.41000    1500.00
   778.42004   958.57996     8.04400     4.56800     3.41000    1500.00
   789.40002   947.59998     8.05000     4.57000     3.41000    1500.00
   799.40002   937.59998     8.05333     4.57167     3.41000    1500.00
   809.40002   927.59998     8.05667     4.57333     3.41000    1500.00
   819.40002   917.59998     8.06000     4.57500     3.41000    1500.00
   829.40002   907.59998     8.06333     4.57667     3.41000    1500.00
   839.40002   897.59998     8.06667     4.57833     3.41000    1500.00
   849.40002   887.59998     8.07000     4.58000     3.41000    1500.00
   859.40002   877.59998     8.07500     4.58167     3.41000    1500.00
   869.40002   867.59998     8.08000     4.58333     3.41000    1500.00
   879.40002   857.59998     8.08500     4.58500     3.41000    1500.00
   889.40002   847.59998     8.09000     4.58667     3.41000    1500.00
   899.40002   837.59998     8.09500     4.58833     3.41000    1500.00
   909.40002   827.59998     8.10000     4.59000     3.41000    1500.00
   919.40002   817.59998     8.10333     4.59167     3.41000    1500.00
   929.40002   807.59998     8.10667     4.59333     3.41000    1500.00
   939.40002   797.59998     8.11000     4.59500     3.41000    1500.00
   949.40002   787.59998     8.11333     4.59667     3.41000    1500.00
   959.40002   777.59998     8.11667     4.59833     3.41000    1500.00
   969.40002   767.59998     8.12000     4.60000     3.41000    1500.00
   979.40002   757.59998     8.12375     4.60125     3.41000    1500.00
   989.40002   747.59998     8.12750     4.60250     3.41000    1500.00
   999.40002   737.59998     8.13125     4.60375     3.41000    1500.00
  1009.40002   727.59998     8.13500     4.60500     3.41000    1500.00
  1019.40002   717.59998     8.13875     4.60625     3.41000    1500.00
  1029.40002   707.59998     8.14250     4.60750     3.41000    1500.00
  1039.40002   697.59998     8.14625     4.60875     3.41000    1500.00
  1049.40002   687.59998     8.15000     4.61000     3.41000    1500.00
  1059.40002   677.59998     8.15300     4.61100     3.41000    1400.00
  1069.40002   667.59998     8.15600     4.61200     3.41000    1300.00
  1079.40002   657.59998     8.15900     4.61300     3.41000    1200.00
  1089.40002   647.59998     8.16200     4.61400     3.41000    1100.00
  1099.40002   637.59998     8.16500     4.61500     3.41000    1000.00
  1109.40002   627.59998     8.16800     4.61600     3.41000     900.00
  1119.40002   617.59998     8.17100     4.61700     3.41000     800.00
  1129.40002   607.59998     8.17400     4.61800     3.41000     700.00
  1139.40002   597.59998     8.17700     4.61900     3.41000     600.00
  1149.40002   587.59998     8.18000     4.62000     3.41000     500.00
  1159.40002   577.59998     8.18250     4.62083     3.41000     500.00
  1169.40002   567.59998     8.18500     4.62167     3.41000     500.00
  1179.40002   557.59998     8.18750     4.62250     3.41000     500.00
  1189.40002   547.59998     8.19000     4.62333     3.41000     500.00
  1199.40002   537.59998     8.19250     4.62417     3.41000     500.00
  1209.40002   527.59998     8.19500     4.62500     3.41000     500.00
  1219.40002   517.59998     8.19750     4.62583     3.41000     500.00
  1229.40002   507.60001     8.20000     4.62667     3.41000     500.00
  1239.40002   497.60001     8.20250     4.62750     3.41000     500.00
  1249.40002   487.60001     8.20500     4.62833     3.41000     500.00
  1259.40002   477.60001     8.20750     4.62917     3.41000     500.00
  1269.40002   467.60001     8.21000     4.63000     3.41000     500.00
  1280.34998   456.64999     8.21250     4.63125     3.41000     500.00
  1291.30005   445.70001     8.21500     4.63250     3.41000     500.00
  1302.25000   434.75000     8.21750     4.63375     3.41000     500.00
  1313.19995   423.79999     8.22000     4.63500     3.41000     500.00
  1324.15002   412.85001     8.22250     4.63625     3.41000     500.00
  1335.09998   401.89999     8.22500     4.63750     3.41000     500.00
  1346.05005   390.95001     8.22750     4.63875     3.41000     500.00
  1357.00000   380.00000     8.23000     4.64000     3.41000     500.00
  1357.00000   380.00000     8.23000     0.00000     3.41000     500.00
  1367.00000   370.00000     8.23000     0.00000     3.41000     500.00
  1377.00000   360.00000     8.23000     0.00000     3.41000     500.00
  1387.00000   350.00000     8.23000     0.00000     3.41000     500.00
  1397.00000   340.00000     8.23000     0.00000     3.41000     500.00
  1407.00000   330.00000     8.23000     0.00000     3.41000     500.00
  1417.00000   320.00000     8.23000     0.00000     3.41000     500.00
  1427.00000   310.00000     8.23000     0.00000     3.41000     500.00
  1437.00000   300.00000     8.23000     0.00000     3.41000     500.00
  1447.00000   290.00000     8.23000     0.00000     3.41000     500.00
  1457.00000   280.00000     8.23000     0.00000     3.41000     500.00
  1467.00000   270.00000     8.23000     0.00000     3.41000     500.00
  1477.00000   260.00000     8.23000     0.00000     3.41000     500.00
  1487.00000   250.00000     8.23000     0.00000     3.41000     500.00
  1497.00000   240.00000     8.23000     0.00000     3.41000     500.00
  1507.00000   230.00000     8.23000     0.00000     3.41000     500.00
  1517.00000   220.00000     8.23000     0.00000     3.41000     500.00
  1527.00000   210.00000     8.23000     0.00000     3.41000     500.00
  1537.00000   200.00000     8.23000     0.00000     3.41000     500.00
  1547.00000   190.00000     8.23000     0.00000     3.41000     500.00
  1557.00000   180.00000     8.23000     0.00000     3.41000     500.00
  1567.00000   170.00000     8.23000     0.00000     3.41000     500.00
  1577.00000   160.00000     8.23000     0.00000     3.41000     500.00
  1587.00000   150.00000     8.23000     0.00000     3.41000     500.00
  1597.00000   140.00000     8.23000     0.00000     3.41000     500.00
  1607.00000   130.00000     8.23000     0.00000     3.41000     500.00
  1617.00000   120.00000     8.23000     0.00000     3.41000     500.00
  1627.00000   110.00000     8.23000     0.00000     3.41000     500.00
  1637.00000   100.00000     8.23000     0.00000     3.41000     500.00
  1647.00000    90.00000     8.23000     0.00000     3.41000     500.00
  1657.00000    80.00000     8.23000     0.00000     3.41000     500.00
  1667.00000    70.00000     8.23000     0.00000     3.41000     500.00
  1677.00000    60.00000     8.23000     0.00000     3.41000     500.00
  1687.00000    50.00000     8.23000     0.00000     3.41000     500.00
  1697.00000    40.00000     8.23000     0.00000     3.41000     500.00
  1707.00000    30.00000     8.23000     0.00000     3.41000     500.00
  1717.00000    20.00000     8.23000     0.00000     3.41000     500.00
  1727.00000    10.00000     8.23000     0.00000     3.41000     500.00
  1737.00000     0.00000     8.23000     0.00000     3.41000     500.00
