     0.00000  6371.00000     5.80000     3.36000     3.00000    4000.00
    10.00000  6361.00000     5.80000     3.36000     3.00000    4000.00
    20.00000  6351.00000     5.80000     3.36000     3.00000    4000.00
    20.00000  6351.00000     6.50000     3.75000     3.00000    4000.00
    35.00000  6336.00000     6.50000     3.75000     3.00000    4000.00
    35.00000  6336.00000     8.04000     4.47000     3.00000    4000.00
    40.00000  6331.00000     8.04060     4.47180     3.00000    4000.00
    45.00000  6326.00000     8.04120     4.47350     3.00000    4000.00
    50.00000  6321.00000     8.04180     4.47530     3.00000    4000.00
    60.00000  6311.00000     8.04290     4.47880     3.00000    4000.00
    70.00000  6301.00000     8.04410     4.48240     3.00000    4000.00
    80.00000  6291.00000     8.04530     4.48590     3.00000    4000.00
    90.00000  6281.00000     8.04650     4.48940     3.00000    4000.00
   100.00000  6271.00000     8.04760     4.49290     3.00000    4000.00
   110.00000  6261.00000     8.04880     4.49650     3.00000    4000.00
   120.00000  6251.00000     8.05000     4.50000     3.00000    4000.00
   120.00000  6251.00000     8.05000     4.50000     3.00000    4000.00
   130.00000  6241.00000     8.07780     4.50200     3.00000    4000.00
   140.00000  6231.00000     8.10560     4.50400     3.00000    4000.00
   150.00000  6221.00000     8.13330     4.50600     3.00000    4000.00
   160.00000  6211.00000     8.16110     4.50800     3.00000    4000.00
   170.00000  6201.00000     8.18890     4.51000     3.00000    4000.00
   180.00000  6191.00000     8.21670     4.51200     3.00000    4000.00
   190.00000  6181.00000     8.24440     4.51400     3.00000    4000.00
   200.00000  6171.00000     8.27220     4.51600     3.00000    4000.00
   210.00000  6161.00000     8.30000     4.51800     3.00000    4000.00
   210.00000  6161.00000     8.30000     4.52200     3.00000    4000.00
   220.00000  6151.00000     8.33650     4.53940     3.00000    4000.00
   230.00000  6141.00000     8.37300     4.55680     3.00000    4000.00
   240.00000  6131.00000     8.40950     4.57420     3.00000    4000.00
   250.00000  6121.00000     8.44600     4.59160     3.00000    4000.00
   260.00000  6111.00000     8.48250     4.60900     3.00000    4000.00
   270.00000  6101.00000     8.51900     4.62640     3.00000    4000.00
   280.00000  6091.00000     8.55550     4.64380     3.00000    4000.00
   290.00000  6081.00000     8.59200     4.66120     3.00000    4000.00
   300.00000  6071.00000     8.62850     4.67860     3.00000    4000.00
   310.00000  6061.00000     8.66500     4.69600     3.00000    4000.00
   320.00000  6051.00000     8.70150     4.71340     3.00000    4000.00
   330.00000  6041.00000     8.73800     4.73080     3.00000    4000.00
   340.00000  6031.00000     8.77450     4.74820     3.00000    4000.00
   350.00000  6021.00000     8.81100     4.76560     3.00000    4000.00
   360.00000  6011.00000     8.84750     4.78300     3.00000    4000.00
   370.00000  6001.00000     8.88400     4.80040     3.00000    4000.00
   380.00000  5991.00000     8.92050     4.81780     3.00000    4000.00
   390.00000  5981.00000     8.95700     4.83520     3.00000    4000.00
   400.00000  5971.00000     8.99350     4.85260     3.00000    4000.00
   410.00000  5961.00000     9.03000     4.87000     3.00000    4000.00
   410.00000  5961.00000     9.36000     5.07000     3.00000    4000.00
   420.00000  5951.00000     9.39360     5.09120     3.00000    4000.00
   430.00000  5941.00000     9.42720     5.11240     3.00000    4000.00
   440.00000  5931.00000     9.46080     5.13360     3.00000    4000.00
   450.00000  5921.00000     9.49440     5.15480     3.00000    4000.00
   460.00000  5911.00000     9.52800     5.17600     3.00000    4000.00
   470.00000  5901.00000     9.56160     5.19720     3.00000    4000.00
   480.00000  5891.00000     9.59520     5.21840     3.00000    4000.00
   490.00000  5881.00000     9.62880     5.23960     3.00000    4000.00
   500.00000  5871.00000     9.66240     5.26080     3.00000    4000.00
   510.00000  5861.00000     9.69600     5.28200     3.00000    4000.00
   520.00000  5851.00000     9.72960     5.30320     3.00000    4000.00
   530.00000  5841.00000     9.76320     5.32440     3.00000    4000.00
   540.00000  5831.00000     9.79680     5.34560     3.00000    4000.00
   550.00000  5821.00000     9.83040     5.36680     3.00000    4000.00
   560.00000  5811.00000     9.86400     5.38800     3.00000    4000.00
   570.00000  5801.00000     9.89760     5.40920     3.00000    4000.00
   580.00000  5791.00000     9.93120     5.43040     3.00000    4000.00
   590.00000  5781.00000     9.96480     5.45160     3.00000    4000.00
   600.00000  5771.00000     9.99840     5.47280     3.00000    4000.00
   610.00000  5761.00000    10.03200     5.49400     3.00000    4000.00
   620.00000  5751.00000    10.06560     5.51520     3.00000    4000.00
   630.00000  5741.00000    10.09920     5.53640     3.00000    4000.00
   640.00000  5731.00000    10.13280     5.55760     3.00000    4000.00
   650.00000  5721.00000    10.16640     5.57880     3.00000    4000.00
   660.00000  5711.00000    10.20000     5.60000     3.00000    4000.00
   660.00000  5711.00000    10.79000     5.95000     3.00000    4000.00
   670.00000  5701.00000    10.81660     5.97590     3.00000    4000.00
   680.00000  5691.00000    10.84320     6.00190     3.00000    4000.00
   690.00000  5681.00000    10.86970     6.02780     3.00000    4000.00
   700.00000  5671.00000    10.89630     6.05380     3.00000    4000.00
   710.00000  5661.00000    10.92290     6.07970     3.00000    4000.00
   720.00000  5651.00000    10.94950     6.10570     3.00000    4000.00
   730.00000  5641.00000    10.97610     6.13160     3.00000    4000.00
   740.00000  5631.00000    11.00260     6.15760     3.00000    4000.00
   750.00000  5621.00000    11.02920     6.18350     3.00000    4000.00
   760.00000  5611.00000    11.05580     6.20950     3.00000    4000.00
   760.00000  5611.00000    11.05580     6.20950     3.00000    4000.00
   770.00000  5601.00000    11.07380     6.21720     3.00000    4000.00
   780.00000  5591.00000    11.09170     6.22490     3.00000    4000.00
   790.00000  5581.00000    11.10950     6.23260     3.00000    4000.00
   800.00000  5571.00000    11.12720     6.24020     3.00000    4000.00
   810.00000  5561.00000    11.14445     6.24756     3.00000    4000.00
   820.00000  5551.00000    11.16170     6.25492     3.00000    4000.00
   830.00000  5541.00000    11.17895     6.26228     3.00000    4000.00
   840.00000  5531.00000    11.19620     6.26964     3.00000    4000.00
   850.00000  5521.00000    11.21345     6.27700     3.00000    4000.00
   860.00000  5511.00000    11.23070     6.28436     3.00000    4000.00
   870.00000  5501.00000    11.24795     6.29172     3.00000    4000.00
   880.00000  5491.00000    11.26520     6.29908     3.00000    4000.00
   890.00000  5481.00000    11.28245     6.30644     3.00000    4000.00
   900.00000  5471.00000    11.29970     6.31380     3.00000    4000.00
   910.00000  5461.00000    11.31613     6.32075     3.00000    4000.00
   920.00000  5451.00000    11.33256     6.32770     3.00000    4000.00
   930.00000  5441.00000    11.34899     6.33465     3.00000    4000.00
   940.00000  5431.00000    11.36542     6.34160     3.00000    4000.00
   950.00000  5421.00000    11.38185     6.34855     3.00000    4000.00
   960.00000  5411.00000    11.39828     6.35550     3.00000    4000.00
   970.00000  5401.00000    11.41471     6.36245     3.00000    4000.00
   980.00000  5391.00000    11.43114     6.36940     3.00000    4000.00
   990.00000  5381.00000    11.44757     6.37635     3.00000    4000.00
  1000.00000  5371.00000    11.46400     6.38330     3.00000    4000.00
  1010.00000  5361.00000    11.47968     6.38986     3.00000    4000.00
  1020.00000  5351.00000    11.49536     6.39642     3.00000    4000.00
  1030.00000  5341.00000    11.51104     6.40298     3.00000    4000.00
  1040.00000  5331.00000    11.52672     6.40954     3.00000    4000.00
  1050.00000  5321.00000    11.54240     6.41610     3.00000    4000.00
  1060.00000  5311.00000    11.55808     6.42266     3.00000    4000.00
  1070.00000  5301.00000    11.57376     6.42922     3.00000    4000.00
  1080.00000  5291.00000    11.58944     6.43578     3.00000    4000.00
  1090.00000  5281.00000    11.60512     6.44234     3.00000    4000.00
  1100.00000  5271.00000    11.62080     6.44890     3.00000    4000.00
  1110.00000  5261.00000    11.63579     6.45511     3.00000    4000.00
  1120.00000  5251.00000    11.65078     6.46132     3.00000    4000.00
  1130.00000  5241.00000    11.66577     6.46753     3.00000    4000.00
  1140.00000  5231.00000    11.68076     6.47374     3.00000    4000.00
  1150.00000  5221.00000    11.69575     6.47995     3.00000    4000.00
  1160.00000  5211.00000    11.71074     6.48616     3.00000    4000.00
  1170.00000  5201.00000    11.72573     6.49237     3.00000    4000.00
  1180.00000  5191.00000    11.74072     6.49858     3.00000    4000.00
  1190.00000  5181.00000    11.75571     6.50479     3.00000    4000.00
  1200.00000  5171.00000    11.77070     6.51100     3.00000    4000.00
  1210.00000  5161.00000    11.78505     6.51690     3.00000    4000.00
  1220.00000  5151.00000    11.79940     6.52280     3.00000    4000.00
  1230.00000  5141.00000    11.81375     6.52870     3.00000    4000.00
  1240.00000  5131.00000    11.82810     6.53460     3.00000    4000.00
  1250.00000  5121.00000    11.84245     6.54050     3.00000    4000.00
  1260.00000  5111.00000    11.85680     6.54640     3.00000    4000.00
  1270.00000  5101.00000    11.87115     6.55230     3.00000    4000.00
  1280.00000  5091.00000    11.88550     6.55820     3.00000    4000.00
  1290.00000  5081.00000    11.89985     6.56410     3.00000    4000.00
  1300.00000  5071.00000    11.91420     6.57000     3.00000    4000.00
  1310.00000  5061.00000    11.92799     6.57560     3.00000    4000.00
  1320.00000  5051.00000    11.94178     6.58120     3.00000    4000.00
  1330.00000  5041.00000    11.95557     6.58680     3.00000    4000.00
  1340.00000  5031.00000    11.96936     6.59240     3.00000    4000.00
  1350.00000  5021.00000    11.98315     6.59800     3.00000    4000.00
  1360.00000  5011.00000    11.99694     6.60360     3.00000    4000.00
  1370.00000  5001.00000    12.01073     6.60920     3.00000    4000.00
  1380.00000  4991.00000    12.02452     6.61480     3.00000    4000.00
  1390.00000  4981.00000    12.03831     6.62040     3.00000    4000.00
  1400.00000  4971.00000    12.05210     6.62600     3.00000    4000.00
  1410.00000  4961.00000    12.06538     6.63136     3.00000    4000.00
  1420.00000  4951.00000    12.07866     6.63672     3.00000    4000.00
  1430.00000  4941.00000    12.09194     6.64208     3.00000    4000.00
  1440.00000  4931.00000    12.10522     6.64744     3.00000    4000.00
  1450.00000  4921.00000    12.11850     6.65280     3.00000    4000.00
  1460.00000  4911.00000    12.13178     6.65816     3.00000    4000.00
  1470.00000  4901.00000    12.14506     6.66352     3.00000    4000.00
  1480.00000  4891.00000    12.15834     6.66888     3.00000    4000.00
  1490.00000  4881.00000    12.17162     6.67424     3.00000    4000.00
  1500.00000  4871.00000    12.18490     6.67960     3.00000    4000.00
  1510.00000  4861.00000    12.19709     6.68443     3.00000    4000.00
  1520.00000  4851.00000    12.20928     6.68926     3.00000    4000.00
  1530.00000  4841.00000    12.22147     6.69408     3.00000    4000.00
  1540.00000  4831.00000    12.23366     6.69891     3.00000    4000.00
  1550.00000  4821.00000    12.24585     6.70374     3.00000    4000.00
  1560.00000  4811.00000    12.25804     6.70857     3.00000    4000.00
  1570.00000  4801.00000    12.27023     6.71340     3.00000    4000.00
  1580.00000  4791.00000    12.28242     6.71822     3.00000    4000.00
  1590.00000  4781.00000    12.29461     6.72305     3.00000    4000.00
  1600.00000  4771.00000    12.30680     6.72788     3.00000    4000.00
  1610.00000  4761.00000    12.31899     6.73271     3.00000    4000.00
  1620.00000  4751.00000    12.33118     6.73754     3.00000    4000.00
  1630.00000  4741.00000    12.34337     6.74236     3.00000    4000.00
  1640.00000  4731.00000    12.35556     6.74719     3.00000    4000.00
  1650.00000  4721.00000    12.36775     6.75202     3.00000    4000.00
  1660.00000  4711.00000    12.37994     6.75685     3.00000    4000.00
  1670.00000  4701.00000    12.39213     6.76168     3.00000    4000.00
  1680.00000  4691.00000    12.40432     6.76650     3.00000    4000.00
  1690.00000  4681.00000    12.41651     6.77133     3.00000    4000.00
  1700.00000  4671.00000    12.42870     6.77616     3.00000    4000.00
  1710.00000  4661.00000    12.44089     6.78099     3.00000    4000.00
  1720.00000  4651.00000    12.45308     6.78582     3.00000    4000.00
  1730.00000  4641.00000    12.46527     6.79064     3.00000    4000.00
  1740.00000  4631.00000    12.47746     6.79547     3.00000    4000.00
  1750.00000  4621.00000    12.48965     6.80030     3.00000    4000.00
  1760.00000  4611.00000    12.50184     6.80513     3.00000    4000.00
  1770.00000  4601.00000    12.51403     6.80996     3.00000    4000.00
  1780.00000  4591.00000    12.52622     6.81478     3.00000    4000.00
  1790.00000  4581.00000    12.53841     6.81961     3.00000    4000.00
  1800.00000  4571.00000    12.55060     6.82444     3.00000    4000.00
  1810.00000  4561.00000    12.56279     6.82927     3.00000    4000.00
  1820.00000  4551.00000    12.57498     6.83410     3.00000    4000.00
  1830.00000  4541.00000    12.58717     6.83892     3.00000    4000.00
  1840.00000  4531.00000    12.59936     6.84375     3.00000    4000.00
  1850.00000  4521.00000    12.61155     6.84858     3.00000    4000.00
  1860.00000  4511.00000    12.62374     6.85341     3.00000    4000.00
  1870.00000  4501.00000    12.63593     6.85824     3.00000    4000.00
  1880.00000  4491.00000    12.64812     6.86306     3.00000    4000.00
  1890.00000  4481.00000    12.66031     6.86789     3.00000    4000.00
  1900.00000  4471.00000    12.67250     6.87272     3.00000    4000.00
  1910.00000  4461.00000    12.68469     6.87755     3.00000    4000.00
  1920.00000  4451.00000    12.69688     6.88238     3.00000    4000.00
  1930.00000  4441.00000    12.70907     6.88720     3.00000    4000.00
  1940.00000  4431.00000    12.72126     6.89203     3.00000    4000.00
  1950.00000  4421.00000    12.73345     6.89686     3.00000    4000.00
  1960.00000  4411.00000    12.74564     6.90169     3.00000    4000.00
  1970.00000  4401.00000    12.75783     6.90652     3.00000    4000.00
  1980.00000  4391.00000    12.77002     6.91134     3.00000    4000.00
  1990.00000  4381.00000    12.78221     6.91617     3.00000    4000.00
  2000.00000  4371.00000    12.79440     6.92100     3.00000    4000.00
  2010.00000  4361.00000    12.80591     6.92555     3.00000    4000.00
  2020.00000  4351.00000    12.81741     6.93010     3.00000    4000.00
  2030.00000  4341.00000    12.82892     6.93464     3.00000    4000.00
  2040.00000  4331.00000    12.84042     6.93919     3.00000    4000.00
  2050.00000  4321.00000    12.85193     6.94374     3.00000    4000.00
  2060.00000  4311.00000    12.86344     6.94829     3.00000    4000.00
  2070.00000  4301.00000    12.87494     6.95284     3.00000    4000.00
  2080.00000  4291.00000    12.88645     6.95738     3.00000    4000.00
  2090.00000  4281.00000    12.89795     6.96193     3.00000    4000.00
  2100.00000  4271.00000    12.90946     6.96648     3.00000    4000.00
  2110.00000  4261.00000    12.92097     6.97103     3.00000    4000.00
  2120.00000  4251.00000    12.93247     6.97558     3.00000    4000.00
  2130.00000  4241.00000    12.94398     6.98012     3.00000    4000.00
  2140.00000  4231.00000    12.95548     6.98467     3.00000    4000.00
  2150.00000  4221.00000    12.96699     6.98922     3.00000    4000.00
  2160.00000  4211.00000    12.97850     6.99377     3.00000    4000.00
  2170.00000  4201.00000    12.99000     6.99832     3.00000    4000.00
  2180.00000  4191.00000    13.00151     7.00286     3.00000    4000.00
  2190.00000  4181.00000    13.01301     7.00741     3.00000    4000.00
  2200.00000  4171.00000    13.02452     7.01196     3.00000    4000.00
  2210.00000  4161.00000    13.03603     7.01651     3.00000    4000.00
  2220.00000  4151.00000    13.04753     7.02106     3.00000    4000.00
  2230.00000  4141.00000    13.05904     7.02560     3.00000    4000.00
  2240.00000  4131.00000    13.07054     7.03015     3.00000    4000.00
  2250.00000  4121.00000    13.08205     7.03470     3.00000    4000.00
  2260.00000  4111.00000    13.09356     7.03925     3.00000    4000.00
  2270.00000  4101.00000    13.10506     7.04380     3.00000    4000.00
  2280.00000  4091.00000    13.11657     7.04834     3.00000    4000.00
  2290.00000  4081.00000    13.12807     7.05289     3.00000    4000.00
  2300.00000  4071.00000    13.13958     7.05744     3.00000    4000.00
  2310.00000  4061.00000    13.15109     7.06199     3.00000    4000.00
  2320.00000  4051.00000    13.16259     7.06654     3.00000    4000.00
  2330.00000  4041.00000    13.17410     7.07108     3.00000    4000.00
  2340.00000  4031.00000    13.18560     7.07563     3.00000    4000.00
  2350.00000  4021.00000    13.19711     7.08018     3.00000    4000.00
  2360.00000  4011.00000    13.20862     7.08473     3.00000    4000.00
  2370.00000  4001.00000    13.22012     7.08928     3.00000    4000.00
  2380.00000  3991.00000    13.23163     7.09382     3.00000    4000.00
  2390.00000  3981.00000    13.24313     7.09837     3.00000    4000.00
  2400.00000  3971.00000    13.25464     7.10292     3.00000    4000.00
  2410.00000  3961.00000    13.26615     7.10747     3.00000    4000.00
  2420.00000  3951.00000    13.27765     7.11202     3.00000    4000.00
  2430.00000  3941.00000    13.28916     7.11656     3.00000    4000.00
  2440.00000  3931.00000    13.30066     7.12111     3.00000    4000.00
  2450.00000  3921.00000    13.31217     7.12566     3.00000    4000.00
  2460.00000  3911.00000    13.32368     7.13021     3.00000    4000.00
  2470.00000  3901.00000    13.33518     7.13476     3.00000    4000.00
  2480.00000  3891.00000    13.34669     7.13930     3.00000    4000.00
  2490.00000  3881.00000    13.35819     7.14385     3.00000    4000.00
  2500.00000  3871.00000    13.36970     7.14840     3.00000    4000.00
  2510.00000  3861.00000    13.38160     7.15320     3.00000    4000.00
  2520.00000  3851.00000    13.39349     7.15801     3.00000    4000.00
  2530.00000  3841.00000    13.40539     7.16282     3.00000    4000.00
  2540.00000  3831.00000    13.41728     7.16762     3.00000    4000.00
  2550.00000  3821.00000    13.42918     7.17242     3.00000    4000.00
  2560.00000  3811.00000    13.44107     7.17723     3.00000    4000.00
  2570.00000  3801.00000    13.45297     7.18203     3.00000    4000.00
  2580.00000  3791.00000    13.46486     7.18684     3.00000    4000.00
  2590.00000  3781.00000    13.47676     7.19165     3.00000    4000.00
  2600.00000  3771.00000    13.48865     7.19645     3.00000    4000.00
  2610.00000  3761.00000    13.50055     7.20125     3.00000    4000.00
  2620.00000  3751.00000    13.51244     7.20606     3.00000    4000.00
  2630.00000  3741.00000    13.52433     7.21087     3.00000    4000.00
  2640.00000  3731.00000    13.53623     7.21567     3.00000    4000.00
  2650.00000  3721.00000    13.54813     7.22048     3.00000    4000.00
  2660.00000  3711.00000    13.56002     7.22528     3.00000    4000.00
  2670.00000  3701.00000    13.57192     7.23008     3.00000    4000.00
  2680.00000  3691.00000    13.58381     7.23489     3.00000    4000.00
  2690.00000  3681.00000    13.59571     7.23970     3.00000    4000.00
  2700.00000  3671.00000    13.60760     7.24450     3.00000    4000.00
  2710.00000  3661.00000    13.61980     7.24950     3.00000    4000.00
  2720.00000  3651.00000    13.63200     7.25450     3.00000    4000.00
  2730.00000  3641.00000    13.64420     7.25950     3.00000    4000.00
  2740.00000  3631.00000    13.65640     7.26450     3.00000    4000.00
  2740.00000  3631.00000    13.65640     7.26450     3.00000    4000.00
  2750.00000  3621.00000    13.65870     7.26700     3.00000    4000.00
  2760.00000  3611.00000    13.66102     7.26948     3.00000    4000.00
  2770.00000  3601.00000    13.66334     7.27196     3.00000    4000.00
  2780.00000  3591.00000    13.66566     7.27444     3.00000    4000.00
  2790.00000  3581.00000    13.66798     7.27692     3.00000    4000.00
  2800.00000  3571.00000    13.67030     7.27940     3.00000    4000.00
  2810.00000  3561.00000    13.67260     7.28188     3.00000    4000.00
  2820.00000  3551.00000    13.67490     7.28436     3.00000    4000.00
  2830.00000  3541.00000    13.67720     7.28684     3.00000    4000.00
  2840.00000  3531.00000    13.67950     7.28932     3.00000    4000.00
  2850.00000  3521.00000    13.68180     7.29180     3.00000    4000.00
  2863.00000  3508.00000    13.68480     7.29503     3.00000    4000.00
  2876.00000  3495.00000    13.68780     7.29827     3.00000    4000.00
  2889.00000  3482.00000    13.69080     7.30150     3.00000    4000.00
  2889.00000  3482.00000     8.00880     0.00000     3.00000    4000.00
  2900.00000  3471.00000     8.02800     0.00000     3.00000    4000.00
  2910.00000  3461.00000     8.04515     0.00000     3.00000    4000.00
  2920.00000  3451.00000     8.06230     0.00000     3.00000    4000.00
  2930.00000  3441.00000     8.07945     0.00000     3.00000    4000.00
  2940.00000  3431.00000     8.09660     0.00000     3.00000    4000.00
  2950.00000  3421.00000     8.11375     0.00000     3.00000    4000.00
  2960.00000  3411.00000     8.13090     0.00000     3.00000    4000.00
  2970.00000  3401.00000     8.14805     0.00000     3.00000    4000.00
  2980.00000  3391.00000     8.16520     0.00000     3.00000    4000.00
  2990.00000  3381.00000     8.18235     0.00000     3.00000    4000.00
  3000.00000  3371.00000     8.19950     0.00000     3.00000    4000.00
  3010.00000  3361.00000     8.21597     0.00000     3.00000    4000.00
  3020.00000  3351.00000     8.23244     0.00000     3.00000    4000.00
  3030.00000  3341.00000     8.24891     0.00000     3.00000    4000.00
  3040.00000  3331.00000     8.26538     0.00000     3.00000    4000.00
  3050.00000  3321.00000     8.28185     0.00000     3.00000    4000.00
  3060.00000  3311.00000     8.29832     0.00000     3.00000    4000.00
  3070.00000  3301.00000     8.31479     0.00000     3.00000    4000.00
  3080.00000  3291.00000     8.33126     0.00000     3.00000    4000.00
  3090.00000  3281.00000     8.34773     0.00000     3.00000    4000.00
  3100.00000  3271.00000     8.36420     0.00000     3.00000    4000.00
  3110.00000  3261.00000     8.38000     0.00000     3.00000    4000.00
  3120.00000  3251.00000     8.39580     0.00000     3.00000    4000.00
  3130.00000  3241.00000     8.41160     0.00000     3.00000    4000.00
  3140.00000  3231.00000     8.42740     0.00000     3.00000    4000.00
  3150.00000  3221.00000     8.44320     0.00000     3.00000    4000.00
  3160.00000  3211.00000     8.45900     0.00000     3.00000    4000.00
  3170.00000  3201.00000     8.47480     0.00000     3.00000    4000.00
  3180.00000  3191.00000     8.49060     0.00000     3.00000    4000.00
  3190.00000  3181.00000     8.50640     0.00000     3.00000    4000.00
  3200.00000  3171.00000     8.52220     0.00000     3.00000    4000.00
  3210.00000  3161.00000     8.53733     0.00000     3.00000    4000.00
  3220.00000  3151.00000     8.55246     0.00000     3.00000    4000.00
  3230.00000  3141.00000     8.56759     0.00000     3.00000    4000.00
  3240.00000  3131.00000     8.58272     0.00000     3.00000    4000.00
  3250.00000  3121.00000     8.59785     0.00000     3.00000    4000.00
  3260.00000  3111.00000     8.61298     0.00000     3.00000    4000.00
  3270.00000  3101.00000     8.62811     0.00000     3.00000    4000.00
  3280.00000  3091.00000     8.64324     0.00000     3.00000    4000.00
  3290.00000  3081.00000     8.65837     0.00000     3.00000    4000.00
  3300.00000  3071.00000     8.67350     0.00000     3.00000    4000.00
  3310.00000  3061.00000     8.68795     0.00000     3.00000    4000.00
  3320.00000  3051.00000     8.70240     0.00000     3.00000    4000.00
  3330.00000  3041.00000     8.71685     0.00000     3.00000    4000.00
  3340.00000  3031.00000     8.73130     0.00000     3.00000    4000.00
  3350.00000  3021.00000     8.74575     0.00000     3.00000    4000.00
  3360.00000  3011.00000     8.76020     0.00000     3.00000    4000.00
  3370.00000  3001.00000     8.77465     0.00000     3.00000    4000.00
  3380.00000  2991.00000     8.78910     0.00000     3.00000    4000.00
  3390.00000  2981.00000     8.80355     0.00000     3.00000    4000.00
  3400.00000  2971.00000     8.81800     0.00000     3.00000    4000.00
  3410.00000  2961.00000     8.83178     0.00000     3.00000    4000.00
  3420.00000  2951.00000     8.84556     0.00000     3.00000    4000.00
  3430.00000  2941.00000     8.85934     0.00000     3.00000    4000.00
  3440.00000  2931.00000     8.87312     0.00000     3.00000    4000.00
  3450.00000  2921.00000     8.88690     0.00000     3.00000    4000.00
  3460.00000  2911.00000     8.90068     0.00000     3.00000    4000.00
  3470.00000  2901.00000     8.91446     0.00000     3.00000    4000.00
  3480.00000  2891.00000     8.92824     0.00000     3.00000    4000.00
  3490.00000  2881.00000     8.94202     0.00000     3.00000    4000.00
  3500.00000  2871.00000     8.95580     0.00000     3.00000    4000.00
  3510.00000  2861.00000     8.96756     0.00000     3.00000    4000.00
  3520.00000  2851.00000     8.97932     0.00000     3.00000    4000.00
  3530.00000  2841.00000     8.99107     0.00000     3.00000    4000.00
  3540.00000  2831.00000     9.00283     0.00000     3.00000    4000.00
  3550.00000  2821.00000     9.01459     0.00000     3.00000    4000.00
  3560.00000  2811.00000     9.02635     0.00000     3.00000    4000.00
  3570.00000  2801.00000     9.03811     0.00000     3.00000    4000.00
  3580.00000  2791.00000     9.04986     0.00000     3.00000    4000.00
  3590.00000  2781.00000     9.06162     0.00000     3.00000    4000.00
  3600.00000  2771.00000     9.07338     0.00000     3.00000    4000.00
  3610.00000  2761.00000     9.08514     0.00000     3.00000    4000.00
  3620.00000  2751.00000     9.09690     0.00000     3.00000    4000.00
  3630.00000  2741.00000     9.10865     0.00000     3.00000    4000.00
  3640.00000  2731.00000     9.12041     0.00000     3.00000    4000.00
  3650.00000  2721.00000     9.13217     0.00000     3.00000    4000.00
  3660.00000  2711.00000     9.14393     0.00000     3.00000    4000.00
  3670.00000  2701.00000     9.15569     0.00000     3.00000    4000.00
  3680.00000  2691.00000     9.16744     0.00000     3.00000    4000.00
  3690.00000  2681.00000     9.17920     0.00000     3.00000    4000.00
  3700.00000  2671.00000     9.19096     0.00000     3.00000    4000.00
  3710.00000  2661.00000     9.20272     0.00000     3.00000    4000.00
  3720.00000  2651.00000     9.21448     0.00000     3.00000    4000.00
  3730.00000  2641.00000     9.22623     0.00000     3.00000    4000.00
  3740.00000  2631.00000     9.23799     0.00000     3.00000    4000.00
  3750.00000  2621.00000     9.24975     0.00000     3.00000    4000.00
  3760.00000  2611.00000     9.26151     0.00000     3.00000    4000.00
  3770.00000  2601.00000     9.27327     0.00000     3.00000    4000.00
  3780.00000  2591.00000     9.28502     0.00000     3.00000    4000.00
  3790.00000  2581.00000     9.29678     0.00000     3.00000    4000.00
  3800.00000  2571.00000     9.30854     0.00000     3.00000    4000.00
  3810.00000  2561.00000     9.32030     0.00000     3.00000    4000.00
  3820.00000  2551.00000     9.33206     0.00000     3.00000    4000.00
  3830.00000  2541.00000     9.34381     0.00000     3.00000    4000.00
  3840.00000  2531.00000     9.35557     0.00000     3.00000    4000.00
  3850.00000  2521.00000     9.36733     0.00000     3.00000    4000.00
  3860.00000  2511.00000     9.37909     0.00000     3.00000    4000.00
  3870.00000  2501.00000     9.39085     0.00000     3.00000    4000.00
  3880.00000  2491.00000     9.40260     0.00000     3.00000    4000.00
  3890.00000  2481.00000     9.41436     0.00000     3.00000    4000.00
  3900.00000  2471.00000     9.42612     0.00000     3.00000    4000.00
  3910.00000  2461.00000     9.43788     0.00000     3.00000    4000.00
  3920.00000  2451.00000     9.44964     0.00000     3.00000    4000.00
  3930.00000  2441.00000     9.46139     0.00000     3.00000    4000.00
  3940.00000  2431.00000     9.47315     0.00000     3.00000    4000.00
  3950.00000  2421.00000     9.48491     0.00000     3.00000    4000.00
  3960.00000  2411.00000     9.49667     0.00000     3.00000    4000.00
  3970.00000  2401.00000     9.50843     0.00000     3.00000    4000.00
  3980.00000  2391.00000     9.52018     0.00000     3.00000    4000.00
  3990.00000  2381.00000     9.53194     0.00000     3.00000    4000.00
  4000.00000  2371.00000     9.54370     0.00000     3.00000    4000.00
  4010.00000  2361.00000     9.55209     0.00000     3.00000    4000.00
  4020.00000  2351.00000     9.56048     0.00000     3.00000    4000.00
  4030.00000  2341.00000     9.56888     0.00000     3.00000    4000.00
  4040.00000  2331.00000     9.57727     0.00000     3.00000    4000.00
  4050.00000  2321.00000     9.58566     0.00000     3.00000    4000.00
  4060.00000  2311.00000     9.59405     0.00000     3.00000    4000.00
  4070.00000  2301.00000     9.60244     0.00000     3.00000    4000.00
  4080.00000  2291.00000     9.61084     0.00000     3.00000    4000.00
  4090.00000  2281.00000     9.61923     0.00000     3.00000    4000.00
  4100.00000  2271.00000     9.62762     0.00000     3.00000    4000.00
  4110.00000  2261.00000     9.63601     0.00000     3.00000    4000.00
  4120.00000  2251.00000     9.64440     0.00000     3.00000    4000.00
  4130.00000  2241.00000     9.65280     0.00000     3.00000    4000.00
  4140.00000  2231.00000     9.66119     0.00000     3.00000    4000.00
  4150.00000  2221.00000     9.66958     0.00000     3.00000    4000.00
  4160.00000  2211.00000     9.67797     0.00000     3.00000    4000.00
  4170.00000  2201.00000     9.68636     0.00000     3.00000    4000.00
  4180.00000  2191.00000     9.69476     0.00000     3.00000    4000.00
  4190.00000  2181.00000     9.70315     0.00000     3.00000    4000.00
  4200.00000  2171.00000     9.71154     0.00000     3.00000    4000.00
  4210.00000  2161.00000     9.71993     0.00000     3.00000    4000.00
  4220.00000  2151.00000     9.72832     0.00000     3.00000    4000.00
  4230.00000  2141.00000     9.73672     0.00000     3.00000    4000.00
  4240.00000  2131.00000     9.74511     0.00000     3.00000    4000.00
  4250.00000  2121.00000     9.75350     0.00000     3.00000    4000.00
  4260.00000  2111.00000     9.76189     0.00000     3.00000    4000.00
  4270.00000  2101.00000     9.77028     0.00000     3.00000    4000.00
  4280.00000  2091.00000     9.77868     0.00000     3.00000    4000.00
  4290.00000  2081.00000     9.78707     0.00000     3.00000    4000.00
  4300.00000  2071.00000     9.79546     0.00000     3.00000    4000.00
  4310.00000  2061.00000     9.80385     0.00000     3.00000    4000.00
  4320.00000  2051.00000     9.81224     0.00000     3.00000    4000.00
  4330.00000  2041.00000     9.82064     0.00000     3.00000    4000.00
  4340.00000  2031.00000     9.82903     0.00000     3.00000    4000.00
  4350.00000  2021.00000     9.83742     0.00000     3.00000    4000.00
  4360.00000  2011.00000     9.84581     0.00000     3.00000    4000.00
  4370.00000  2001.00000     9.85420     0.00000     3.00000    4000.00
  4380.00000  1991.00000     9.86260     0.00000     3.00000    4000.00
  4390.00000  1981.00000     9.87099     0.00000     3.00000    4000.00
  4400.00000  1971.00000     9.87938     0.00000     3.00000    4000.00
  4410.00000  1961.00000     9.88777     0.00000     3.00000    4000.00
  4420.00000  1951.00000     9.89616     0.00000     3.00000    4000.00
  4430.00000  1941.00000     9.90456     0.00000     3.00000    4000.00
  4440.00000  1931.00000     9.91295     0.00000     3.00000    4000.00
  4450.00000  1921.00000     9.92134     0.00000     3.00000    4000.00
  4460.00000  1911.00000     9.92973     0.00000     3.00000    4000.00
  4470.00000  1901.00000     9.93812     0.00000     3.00000    4000.00
  4480.00000  1891.00000     9.94652     0.00000     3.00000    4000.00
  4490.00000  1881.00000     9.95491     0.00000     3.00000    4000.00
  4500.00000  1871.00000     9.96330     0.00000     3.00000    4000.00
  4510.06006  1860.93994     9.96783     0.00000     3.00000    4000.00
  4520.12012  1850.88000     9.97236     0.00000     3.00000    4000.00
  4530.18018  1840.81995     9.97689     0.00000     3.00000    4000.00
  4540.24023  1830.76001     9.98142     0.00000     3.00000    4000.00
  4550.29980  1820.69995     9.98595     0.00000     3.00000    4000.00
  4560.35986  1810.64001     9.99048     0.00000     3.00000    4000.00
  4570.41992  1800.57996     9.99502     0.00000     3.00000    4000.00
  4580.47998  1790.52002     9.99955     0.00000     3.00000    4000.00
  4590.54004  1780.45996    10.00408     0.00000     3.00000    4000.00
  4600.60010  1770.40002    10.00861     0.00000     3.00000    4000.00
  4610.66016  1760.33997    10.01314     0.00000     3.00000    4000.00
  4620.72021  1750.28003    10.01767     0.00000     3.00000    4000.00
  4630.77979  1740.21997    10.02220     0.00000     3.00000    4000.00
  4640.83984  1730.16003    10.02673     0.00000     3.00000    4000.00
  4650.89990  1720.09998    10.03126     0.00000     3.00000    4000.00
  4660.95996  1710.04004    10.03579     0.00000     3.00000    4000.00
  4671.02002  1699.97998    10.04032     0.00000     3.00000    4000.00
  4681.08008  1689.92004    10.04485     0.00000     3.00000    4000.00
  4691.14014  1679.85999    10.04938     0.00000     3.00000    4000.00
  4701.20020  1669.80005    10.05392     0.00000     3.00000    4000.00
  4711.25977  1659.73999    10.05845     0.00000     3.00000    4000.00
  4721.31982  1649.67993    10.06298     0.00000     3.00000    4000.00
  4731.37988  1639.62000    10.06751     0.00000     3.00000    4000.00
  4741.43994  1629.56006    10.07204     0.00000     3.00000    4000.00
  4751.50000  1619.50000    10.07657     0.00000     3.00000    4000.00
  4761.56006  1609.43994    10.08110     0.00000     3.00000    4000.00
  4771.62012  1599.38000    10.08563     0.00000     3.00000    4000.00
  4781.68018  1589.31995    10.09016     0.00000     3.00000    4000.00
  4791.73975  1579.26001    10.09469     0.00000     3.00000    4000.00
  4801.79980  1569.19995    10.09922     0.00000     3.00000    4000.00
  4811.85986  1559.14001    10.10375     0.00000     3.00000    4000.00
  4821.91992  1549.07996    10.10828     0.00000     3.00000    4000.00
  4831.97998  1539.02002    10.11281     0.00000     3.00000    4000.00
  4842.04004  1528.95996    10.11735     0.00000     3.00000    4000.00
  4852.10010  1518.90002    10.12188     0.00000     3.00000    4000.00
  4862.16016  1508.83997    10.12641     0.00000     3.00000    4000.00
  4872.21973  1498.78003    10.13094     0.00000     3.00000    4000.00
  4882.27979  1488.71997    10.13547     0.00000     3.00000    4000.00
  4892.33984  1478.65991    10.14000     0.00000     3.00000    4000.00
  4902.39990  1468.59998    10.14453     0.00000     3.00000    4000.00
  4912.45996  1458.54004    10.14906     0.00000     3.00000    4000.00
  4922.52002  1448.47998    10.15359     0.00000     3.00000    4000.00
  4932.58008  1438.41992    10.15812     0.00000     3.00000    4000.00
  4942.64014  1428.35999    10.16265     0.00000     3.00000    4000.00
  4952.70020  1418.29993    10.16718     0.00000     3.00000    4000.00
  4962.75977  1408.23999    10.17172     0.00000     3.00000    4000.00
  4972.81982  1398.17993    10.17625     0.00000     3.00000    4000.00
  4982.87988  1388.12000    10.18078     0.00000     3.00000    4000.00
  4992.93994  1378.05994    10.18531     0.00000     3.00000    4000.00
  5003.00000  1368.00000    10.18984     0.00000     3.00000    4000.00
  5013.06006  1357.93994    10.19437     0.00000     3.00000    4000.00
  5023.12012  1347.88000    10.19890     0.00000     3.00000    4000.00
  5033.17969  1337.81995    10.20343     0.00000     3.00000    4000.00
  5043.23975  1327.76001    10.20796     0.00000     3.00000    4000.00
  5053.29980  1317.69995    10.21249     0.00000     3.00000    4000.00
  5063.35986  1307.63989    10.21702     0.00000     3.00000    4000.00
  5073.41992  1297.58008    10.22155     0.00000     3.00000    4000.00
  5083.47998  1287.52002    10.22608     0.00000     3.00000    4000.00
  5093.54004  1277.45996    10.23062     0.00000     3.00000    4000.00
  5103.59961  1267.40002    10.23515     0.00000     3.00000    4000.00
  5113.66016  1257.33997    10.23968     0.00000     3.00000    4000.00
  5123.71973  1247.28003    10.24421     0.00000     3.00000    4000.00
  5133.77979  1237.21997    10.24874     0.00000     3.00000    4000.00
  5143.83984  1227.15991    10.25327     0.00000     3.00000    4000.00
  5153.89990  1217.09998    10.25780     0.00000     3.00000    4000.00
  5153.89990  1217.09998    11.09140     3.43850     3.00000    4000.00
  5164.07910  1206.92053    11.09355     3.44031     3.00000    4000.00
  5174.25879  1196.74121    11.09569     3.44212     3.00000    4000.00
  5184.43799  1186.56177    11.09784     3.44393     3.00000    4000.00
  5194.61768  1176.38232    11.09999     3.44574     3.00000    4000.00
  5204.79688  1166.20288    11.10214     3.44754     3.00000    4000.00
  5214.97656  1156.02356    11.10428     3.44935     3.00000    4000.00
  5225.15576  1145.84412    11.10643     3.45116     3.00000    4000.00
  5235.33545  1135.66467    11.10858     3.45297     3.00000    4000.00
  5245.51465  1125.48523    11.11072     3.45478     3.00000    4000.00
  5255.69385  1115.30591    11.11287     3.45659     3.00000    4000.00
  5265.87354  1105.12646    11.11502     3.45840     3.00000    4000.00
  5276.05273  1094.94702    11.11716     3.46021     3.00000    4000.00
  5286.23242  1084.76758    11.11931     3.46201     3.00000    4000.00
  5296.41162  1074.58826    11.12146     3.46382     3.00000    4000.00
  5306.59131  1064.40881    11.12361     3.46563     3.00000    4000.00
  5316.77051  1054.22937    11.12575     3.46744     3.00000    4000.00
  5326.95020  1044.05005    11.12790     3.46925     3.00000    4000.00
  5337.12939  1033.87061    11.13005     3.47106     3.00000    4000.00
  5347.30859  1023.69116    11.13219     3.47287     3.00000    4000.00
  5357.48828  1013.51172    11.13434     3.47468     3.00000    4000.00
  5367.66748  1003.33234    11.13649     3.47649     3.00000    4000.00
  5377.84717   993.15295    11.13864     3.47829     3.00000    4000.00
  5388.02637   982.97351    11.14078     3.48010     3.00000    4000.00
  5398.20605   972.79413    11.14293     3.48191     3.00000    4000.00
  5408.38525   962.61475    11.14508     3.48372     3.00000    4000.00
  5418.56445   952.43530    11.14722     3.48553     3.00000    4000.00
  5428.74414   942.25586    11.14937     3.48734     3.00000    4000.00
  5438.92334   932.07648    11.15152     3.48915     3.00000    4000.00
  5449.10303   921.89709    11.15366     3.49096     3.00000    4000.00
  5459.28223   911.71765    11.15581     3.49276     3.00000    4000.00
  5469.46191   901.53821    11.15796     3.49457     3.00000    4000.00
  5479.64111   891.35883    11.16011     3.49638     3.00000    4000.00
  5489.82031   881.17944    11.16225     3.49819     3.00000    4000.00
  5500.00000   871.00000    11.16440     3.50000     3.00000    4000.00
  5510.00000   861.00000    11.16565     3.50106     3.00000    4000.00
  5520.00000   851.00000    11.16690     3.50211     3.00000    4000.00
  5530.00000   841.00000    11.16816     3.50317     3.00000    4000.00
  5540.00000   831.00000    11.16941     3.50422     3.00000    4000.00
  5550.00000   821.00000    11.17066     3.50528     3.00000    4000.00
  5560.00000   811.00000    11.17191     3.50634     3.00000    4000.00
  5570.00000   801.00000    11.17316     3.50739     3.00000    4000.00
  5580.00000   791.00000    11.17442     3.50845     3.00000    4000.00
  5590.00000   781.00000    11.17567     3.50950     3.00000    4000.00
  5600.00000   771.00000    11.17692     3.51056     3.00000    4000.00
  5610.00000   761.00000    11.17817     3.51162     3.00000    4000.00
  5620.00000   751.00000    11.17942     3.51267     3.00000    4000.00
  5630.00000   741.00000    11.18068     3.51373     3.00000    4000.00
  5640.00000   731.00000    11.18193     3.51478     3.00000    4000.00
  5650.00000   721.00000    11.18318     3.51584     3.00000    4000.00
  5660.00000   711.00000    11.18443     3.51690     3.00000    4000.00
  5670.00000   701.00000    11.18568     3.51795     3.00000    4000.00
  5680.00000   691.00000    11.18694     3.51901     3.00000    4000.00
  5690.00000   681.00000    11.18819     3.52006     3.00000    4000.00
  5700.00000   671.00000    11.18944     3.52112     3.00000    4000.00
  5710.00000   661.00000    11.19069     3.52218     3.00000    4000.00
  5720.00000   651.00000    11.19194     3.52323     3.00000    4000.00
  5730.00000   641.00000    11.19320     3.52429     3.00000    4000.00
  5740.00000   631.00000    11.19445     3.52534     3.00000    4000.00
  5750.00000   621.00000    11.19570     3.52640     3.00000    4000.00
  5760.00000   611.00000    11.19695     3.52746     3.00000    4000.00
  5770.00000   601.00000    11.19820     3.52851     3.00000    4000.00
  5780.00000   591.00000    11.19946     3.52957     3.00000    4000.00
  5790.00000   581.00000    11.20071     3.53062     3.00000    4000.00
  5800.00000   571.00000    11.20196     3.53168     3.00000    4000.00
  5810.00000   561.00000    11.20321     3.53274     3.00000    4000.00
  5820.00000   551.00000    11.20446     3.53379     3.00000    4000.00
  5830.00000   541.00000    11.20572     3.53485     3.00000    4000.00
  5840.00000   531.00000    11.20697     3.53590     3.00000    4000.00
  5850.00000   521.00000    11.20822     3.53696     3.00000    4000.00
  5860.00000   511.00000    11.20947     3.53802     3.00000    4000.00
  5870.00000   501.00000    11.21072     3.53907     3.00000    4000.00
  5880.00000   491.00000    11.21198     3.54013     3.00000    4000.00
  5890.00000   481.00000    11.21323     3.54118     3.00000    4000.00
  5900.00000   471.00000    11.21448     3.54224     3.00000    4000.00
  5910.00000   461.00000    11.21573     3.54330     3.00000    4000.00
  5920.00000   451.00000    11.21698     3.54435     3.00000    4000.00
  5930.00000   441.00000    11.21824     3.54541     3.00000    4000.00
  5940.00000   431.00000    11.21949     3.54646     3.00000    4000.00
  5950.00000   421.00000    11.22074     3.54752     3.00000    4000.00
  5960.00000   411.00000    11.22199     3.54858     3.00000    4000.00
  5970.00000   401.00000    11.22324     3.54963     3.00000    4000.00
  5980.00000   391.00000    11.22450     3.55069     3.00000    4000.00
  5990.00000   381.00000    11.22575     3.55174     3.00000    4000.00
  6000.00000   371.00000    11.22700     3.55280     3.00000    4000.00
  6010.02686   360.97296    11.22738     3.55312     3.00000    4000.00
  6020.05420   350.94595    11.22775     3.55343     3.00000    4000.00
  6030.08105   340.91891    11.22813     3.55375     3.00000    4000.00
  6040.10791   330.89191    11.22850     3.55406     3.00000    4000.00
  6050.13525   320.86487    11.22888     3.55438     3.00000    4000.00
  6060.16211   310.83783    11.22925     3.55470     3.00000    4000.00
  6070.18896   300.81082    11.22963     3.55501     3.00000    4000.00
  6080.21631   290.78378    11.23001     3.55533     3.00000    4000.00
  6090.24316   280.75677    11.23038     3.55565     3.00000    4000.00
  6100.27051   270.72974    11.23076     3.55596     3.00000    4000.00
  6110.29736   260.70270    11.23113     3.55628     3.00000    4000.00
  6120.32422   250.67567    11.23151     3.55659     3.00000    4000.00
  6130.35156   240.64865    11.23188     3.55691     3.00000    4000.00
  6140.37842   230.62163    11.23226     3.55723     3.00000    4000.00
  6150.40527   220.59459    11.23264     3.55754     3.00000    4000.00
  6160.43262   210.56757    11.23301     3.55786     3.00000    4000.00
  6170.45947   200.54054    11.23339     3.55818     3.00000    4000.00
  6180.48633   190.51352    11.23376     3.55849     3.00000    4000.00
  6190.51367   180.48648    11.23414     3.55881     3.00000    4000.00
  6200.54053   170.45946    11.23451     3.55912     3.00000    4000.00
  6210.56738   160.43243    11.23489     3.55944     3.00000    4000.00
  6220.59473   150.40541    11.23526     3.55976     3.00000    4000.00
  6230.62158   140.37837    11.23564     3.56007     3.00000    4000.00
  6240.64844   130.35135    11.23602     3.56039     3.00000    4000.00
  6250.67578   120.32433    11.23639     3.56071     3.00000    4000.00
  6260.70264   110.29730    11.23677     3.56102     3.00000    4000.00
  6270.72949   100.27026    11.23714     3.56134     3.00000    4000.00
  6280.75684    90.24326    11.23752     3.56165     3.00000    4000.00
  6290.78369    80.21622    11.23790     3.56197     3.00000    4000.00
  6300.81104    70.18918    11.23827     3.56229     3.00000    4000.00
  6310.83789    60.16217    11.23865     3.56260     3.00000    4000.00
  6320.86475    50.13513    11.23902     3.56292     3.00000    4000.00
  6330.89209    40.10809    11.23940     3.56324     3.00000    4000.00
  6340.91895    30.08109    11.23977     3.56355     3.00000    4000.00
  6350.94580    20.05405    11.24015     3.56387     3.00000    4000.00
  6360.97314    10.02704    11.24052     3.56418     3.00000    4000.00
  6371.00000     0.00000    11.24090     3.56450     3.00000    4000.00
