     0.00000  1737.00000     7.23000     4.04000     3.44200    4750.00
    10.28030  1726.71973     7.23000     4.04000     3.44200    4750.00
    20.56060  1716.43945     7.23000     4.04000     3.44200    4750.00
    30.84091  1706.15906     7.23000     4.04000     3.44200    4750.00
    41.12121  1695.87878     7.23000     4.04000     3.44200    4750.00
    51.40151  1685.59851     7.23000     4.04000     3.44200    4750.00
    61.68181  1675.31812     7.23000     4.04000     3.44200    4750.00
    71.96211  1665.03784     7.23000     4.04000     3.44200    4750.00
    82.24242  1654.75757     7.23000     4.04000     3.44200    4750.00
    92.52272  1644.47729     7.23000     4.04000     3.44200    4750.00
   102.80302  1634.19702     7.23000     4.04000     3.44200    4750.00
   113.08334  1623.91663     7.23000     4.04000     3.44200    4750.00
   123.36364  1613.63635     7.23000     4.04000     3.44200    4750.00
   133.64394  1603.35608     7.23000     4.04000     3.44200    4750.00
   143.92424  1593.07568     7.23000     4.04000     3.44200    4750.00
   154.20454  1582.79541     7.23000     4.04000     3.44200    4750.00
   164.48485  1572.51514     7.23000     4.04000     3.44200    4750.00
   174.76515  1562.23486     7.23000     4.04000     3.44200    4750.00
   185.04546  1551.95459     7.23000     4.04000     3.44200    4750.00
   195.32576  1541.67419     7.23000     4.04000     3.44200    4750.00
   205.60606  1531.39392     7.23000     4.04000     3.44200    4750.00
   215.88637  1521.11365     7.23000     4.04000     3.44200    4750.00
   226.16667  1510.83325     7.23000     4.04000     3.44200    4750.00
   236.44698  1500.55298     7.23000     4.04000     3.44200    4750.00
   246.72728  1490.27271     7.23000     4.04000     3.44200    4750.00
   257.00757  1479.99243     7.23000     4.04000     3.44200    4750.00
   267.28787  1469.71216     7.23000     4.04000     3.44200    4750.00
   277.56818  1459.43176     7.23000     4.04000     3.44200    4750.00
   287.84848  1449.15149     7.23000     4.04000     3.44200    4750.00
   298.12878  1438.87122     7.23000     4.04000     3.44200    4750.00
   308.40909  1428.59082     7.23000     4.04000     3.44200    4750.00
   318.68939  1418.31055     7.23000     4.04000     3.44200    4750.00
   328.96970  1408.03027     7.23000     4.04000     3.44200    4750.00
   339.25000  1397.75000     7.23000     4.04000     3.44200    4750.00
   349.53030  1387.46973     7.23000     4.04000     3.44200    4750.00
   359.81061  1377.18933     7.23000     4.04000     3.44200    4750.00
   370.09091  1366.90906     7.23000     4.04000     3.44200    4750.00
   380.37122  1356.62878     7.23000     4.04000     3.44200    4750.00
   390.65152  1346.34839     7.23000     4.04000     3.44200    4750.00
   400.93182  1336.06812     7.23000     4.04000     3.44200    4750.00
   411.21213  1325.78784     7.23000     4.04000     3.44200    4750.00
   421.49243  1315.50757     7.23000     4.04000     3.44200    4750.00
   431.77274  1305.22729     7.23000     4.04000     3.44200    4750.00
   442.05304  1294.94690     7.23000     4.04000     3.44200    4750.00
   452.33334  1284.66663     7.23000     4.04000     3.44200    4750.00
   462.61365  1274.38635     7.23000     4.04000     3.44200    4750.00
   472.89395  1264.10596     7.23000     4.04000     3.44200    4750.00
   483.17426  1253.82568     7.23000     4.04000     3.44200    4750.00
   493.45456  1243.54541     7.23000     4.04000     3.44200    4750.00
   503.73486  1233.26514     7.23000     4.04000     3.44200    4750.00
   514.01514  1222.98486     7.23000     4.04000     3.44200    4750.00
   524.29547  1212.70459     7.23000     4.04000     3.44200    4750.00
   534.57574  1202.42432     7.23000     4.04000     3.44200    4750.00
   544.85608  1192.14404     7.23000     4.04000     3.44200    4750.00
   555.13635  1181.86365     7.23000     4.04000     3.44200    4750.00
   565.41663  1171.58325     7.23000     4.04000     3.44200    4750.00
   575.69696  1161.30298     7.23000     4.04000     3.44200    4750.00
   585.97729  1151.02271     7.23000     4.04000     3.44200    4750.00
   596.25757  1140.74243     7.23000     4.04000     3.44200    4750.00
   606.53784  1130.46216     7.23000     4.04000     3.44200    4750.00
   616.81818  1120.18188     7.23000     4.04000     3.44200    4750.00
   627.09851  1109.90161     7.23000     4.04000     3.44200    4750.00
   637.37878  1099.62122     7.23000     4.04000     3.44200    4750.00
   647.65906  1089.34082     7.23000     4.04000     3.44200    4750.00
   657.93939  1079.06055     7.23000     4.04000     3.44200    4750.00
   668.21973  1068.78027     7.23000     4.04000     3.44200    4750.00
   678.50000  1058.50000     7.23000     4.04000     3.44200    4750.00
   688.78027  1048.21973     7.23000     4.04000     3.44200    4750.00
   699.06061  1037.93945     7.23000     4.04000     3.44200    4750.00
   709.34094  1027.65918     7.23000     4.04000     3.44200    4750.00
   719.62122  1017.37878     7.23000     4.04000     3.44200    4750.00
   729.90149  1007.09851     7.23000     4.04000     3.44200    4750.00
   740.18182   996.81818     7.23000     4.04000     3.44200    4750.00
   750.46216   986.53784     7.23000     4.04000     3.44200    4750.00
   760.74243   976.25757     7.23000     4.04000     3.44200    4750.00
   771.02271   965.97729     7.23000     4.04000     3.44200    4750.00
   781.30304   955.69696     7.23000     4.04000     3.44200    4750.00
   791.58337   945.41663     7.23000     4.04000     3.44200    4750.00
   801.86365   935.13635     7.23000     4.04000     3.44200    4750.00
   812.14392   924.85608     7.23000     4.04000     3.44200    4750.00
   822.42426   914.57574     7.23000     4.04000     3.44200    4750.00
   832.70459   904.29541     7.23000     4.04000     3.44200    4750.00
   842.98486   894.01514     7.23000     4.04000     3.44200    4750.00
   853.26514   883.73486     7.23000     4.04000     3.44200    4750.00
   863.54547   873.45453     7.23000     4.04000     3.44200    4750.00
   873.82581   863.17419     7.23000     4.04000     3.44200    4750.00
   884.10608   852.89392     7.23000     4.04000     3.44200    4750.00
   894.38635   842.61365     7.23000     4.04000     3.44200    4750.00
   904.66669   832.33331     7.23000     4.04000     3.44200    4750.00
   914.94702   822.05298     7.23000     4.04000     3.44200    4750.00
   925.22729   811.77271     7.23000     4.04000     3.44200    4750.00
   935.50757   801.49243     7.23000     4.04000     3.44200    4750.00
   945.78790   791.21210     7.23000     4.04000     3.44200    4750.00
   956.06824   780.93176     7.23000     4.04000     3.44200    4750.00
   966.34851   770.65149     7.23000     4.04000     3.44200    4750.00
   976.62878   760.37122     7.23000     4.04000     3.44200    4750.00
   986.90912   750.09088     7.23000     4.04000     3.44200    4750.00
   995.13336   741.86664     7.23000     4.04000     3.44200    4750.00
  1003.35760   733.64240     7.23000     4.04000     3.44200    4750.00
  1011.58179   725.41821     7.23000     4.04000     3.44200    4750.00
  1019.80603   717.19397     7.23000     4.04000     3.44200    4750.00
  1028.03027   708.96973     7.23000     4.04000     3.44200    4750.00
  1036.25452   700.74548     7.23000     4.04000     3.44200    4750.00
  1044.47876   692.52124     7.23000     4.04000     3.44200    4750.00
  1052.70300   684.29700     7.23000     4.04000     3.44200    4750.00
  1060.92725   676.07275     7.23000     4.04000     3.44200    4750.00
  1069.15149   667.84851     7.23000     4.04000     3.44200    4750.00
  1077.37573   659.62427     7.23000     4.04000     3.44200    4750.00
  1085.59998   651.40002     7.23000     4.04000     3.44200    4750.00
  1093.82422   643.17578     7.23000     4.04000     3.44200    4750.00
  1102.04846   634.95154     7.23000     4.04000     3.44200    4750.00
  1110.27271   626.72729     7.23000     4.04000     3.44200    4750.00
  1117.12622   619.87378     7.23000     4.04000     3.44200    4750.00
  1123.97974   613.02020     7.23000     4.04000     3.44200    4750.00
  1130.83325   606.16669     7.23000     4.04000     3.44200    4750.00
  1137.68689   599.31317     7.23000     4.04000     3.44200    4750.00
  1144.54041   592.45959     7.23000     4.04000     3.44200    4750.00
  1151.39392   585.60608     7.23000     4.04000     3.44200    4750.00
  1158.24744   578.75256     7.23000     4.04000     3.44200    4750.00
  1165.10095   571.89899     7.23000     4.04000     3.44200    4750.00
  1171.95459   565.04547     7.23000     4.04000     3.44200    4750.00
  1178.80811   558.19196     7.23000     4.04000     3.44200    4750.00
  1185.66162   551.33838     7.23000     4.04000     3.44200    4750.00
  1192.51514   544.48486     7.23000     4.04000     3.44200    4750.00
  1198.38965   538.61041     7.23000     4.04000     3.44200    4750.00
  1204.26404   532.73596     7.23000     4.04000     3.44200    4750.00
  1210.13855   526.86151     7.23000     4.04000     3.44200    4750.00
  1216.01294   520.98700     7.23000     4.04000     3.44200    4750.00
  1221.88745   515.11255     7.23000     4.04000     3.44200    4750.00
  1227.76184   509.23810     7.23000     4.04000     3.44200    4750.00
  1233.63635   503.36365     7.23000     4.04000     3.44200    4750.00
  1239.51086   497.48920     7.23000     4.04000     3.44200    4750.00
  1245.38525   491.61472     7.23000     4.04000     3.44200    4750.00
  1251.25977   485.74026     7.23000     4.04000     3.44200    4750.00
  1257.13416   479.86581     7.23000     4.04000     3.44200    4750.00
  1263.00867   473.99136     7.23000     4.04000     3.44200    4750.00
  1268.88306   468.11688     7.23000     4.04000     3.44200    4750.00
  1274.75757   462.24243     7.23000     4.04000     3.44200    4750.00
  1279.89771   457.10229     7.23000     4.04000     3.44200    4750.00
  1285.03784   451.96213     7.23000     4.04000     3.44200    4750.00
  1290.17798   446.82196     7.23000     4.04000     3.44200    4750.00
  1295.31812   441.68182     7.23000     4.04000     3.44200    4750.00
  1300.45837   436.54169     7.23000     4.04000     3.44200    4750.00
  1305.59851   431.40152     7.23000     4.04000     3.44200    4750.00
  1310.73865   426.26135     7.23000     4.04000     3.44200    4750.00
  1315.87878   421.12122     7.23000     4.04000     3.44200    4750.00
  1320.44775   416.55219     7.23000     4.04000     3.44200    4750.00
  1325.01685   411.98315     7.23000     4.04000     3.44200    4750.00
  1329.58582   407.41415     7.23000     4.04000     3.44200    4750.00
  1334.15491   402.84512     7.23000     4.04000     3.44200    4750.00
  1338.72388   398.27609     7.23000     4.04000     3.44200    4750.00
  1343.29297   393.70706     7.23000     4.04000     3.44200    4750.00
  1347.86194   389.13806     7.23000     4.04000     3.44200    4750.00
  1352.43103   384.56903     7.23000     4.04000     3.44200    4750.00
  1357.00000   380.00000     7.23000     4.04000     3.44200    4750.00
  1357.00000   380.00000     9.00000     5.00000     5.17100    6000.00
  1361.22217   375.77777     9.00000     5.00000     5.17100    6000.00
  1365.44446   371.55554     9.00000     5.00000     5.17100    6000.00
  1369.66663   367.33334     9.00000     5.00000     5.17100    6000.00
  1373.88892   363.11111     9.00000     5.00000     5.17100    6000.00
  1378.11108   358.88889     9.00000     5.00000     5.17100    6000.00
  1382.33325   354.66666     9.00000     5.00000     5.17100    6000.00
  1386.55554   350.44443     9.00000     5.00000     5.17100    6000.00
  1390.77771   346.22223     9.00000     5.00000     5.17100    6000.00
  1395.00000   342.00000     9.00000     5.00000     5.17100    6000.00
  1399.22217   337.77777     9.00000     5.00000     5.17100    6000.00
  1403.06055   333.93939     9.00000     5.00000     5.17100    6000.00
  1406.89893   330.10101     9.00000     5.00000     5.17100    6000.00
  1410.73730   326.26260     9.00000     5.00000     5.17100    6000.00
  1414.57568   322.42422     9.00000     5.00000     5.17100    6000.00
  1418.41406   318.58585     9.00000     5.00000     5.17100    6000.00
  1422.25256   314.74747     9.00000     5.00000     5.17100    6000.00
  1426.09094   310.90909     9.00000     5.00000     5.17100    6000.00
  1429.92932   307.07071     9.00000     5.00000     5.17100    6000.00
  1433.76770   303.23230     9.00000     5.00000     5.17100    6000.00
  1437.60608   299.39392     9.00000     5.00000     5.17100    6000.00
  1441.44446   295.55554     9.00000     5.00000     5.17100    6000.00
  1444.69226   292.30768     9.00000     5.00000     5.17100    6000.00
  1447.94019   289.05981     9.00000     5.00000     5.17100    6000.00
  1451.18799   285.81195     9.00000     5.00000     5.17100    6000.00
  1454.43591   282.56409     9.00000     5.00000     5.17100    6000.00
  1457.68372   279.31622     9.00000     5.00000     5.17100    6000.00
  1460.93164   276.06836     9.00000     5.00000     5.17100    6000.00
  1464.17944   272.82053     9.00000     5.00000     5.17100    6000.00
  1467.42737   269.57266     9.00000     5.00000     5.17100    6000.00
  1470.67517   266.32480     9.00000     5.00000     5.17100    6000.00
  1473.92310   263.07693     9.00000     5.00000     5.17100    6000.00
  1477.17090   259.82907     9.00000     5.00000     5.17100    6000.00
  1480.41882   256.58121     9.00000     5.00000     5.17100    6000.00
  1483.66663   253.33334     9.00000     5.00000     5.17100    6000.00
  1486.48145   250.51852     9.00000     5.00000     5.17100    6000.00
  1489.29626   247.70372     9.00000     5.00000     5.17100    6000.00
  1492.11108   244.88890     9.00000     5.00000     5.17100    6000.00
  1494.92590   242.07408     9.00000     5.00000     5.17100    6000.00
  1497.74072   239.25926     9.00000     5.00000     5.17100    6000.00
  1500.55554   236.44446     9.00000     5.00000     5.17100    6000.00
  1503.37036   233.62964     9.00000     5.00000     5.17100    6000.00
  1506.18518   230.81482     9.00000     5.00000     5.17100    6000.00
  1509.00000   228.00000     9.00000     5.00000     5.17100    6000.00
  1511.81482   225.18520     9.00000     5.00000     5.17100    6000.00
  1514.62964   222.37038     9.00000     5.00000     5.17100    6000.00
  1517.44446   219.55556     9.00000     5.00000     5.17100    6000.00
  1520.25928   216.74075     9.00000     5.00000     5.17100    6000.00
  1523.07410   213.92593     9.00000     5.00000     5.17100    6000.00
  1525.88892   211.11111     9.00000     5.00000     5.17100    6000.00
  1528.11108   208.88889     9.00000     5.00000     5.17100    6000.00
  1530.33337   206.66667     9.00000     5.00000     5.17100    6000.00
  1532.55554   204.44444     9.00000     5.00000     5.17100    6000.00
  1534.77783   202.22223     9.00000     5.00000     5.17100    6000.00
  1537.00000   200.00000     9.00000     5.00000     5.17100    6000.00
  1539.22229   197.77777     9.00000     5.00000     5.17100    6000.00
  1541.44446   195.55556     9.00000     5.00000     5.17100    6000.00
  1543.66663   193.33333     9.00000     5.00000     5.17100    6000.00
  1545.88892   191.11111     9.00000     5.00000     5.17100    6000.00
  1548.11108   188.88889     9.00000     5.00000     5.17100    6000.00
  1550.33337   186.66667     9.00000     5.00000     5.17100    6000.00
  1552.55554   184.44444     9.00000     5.00000     5.17100    6000.00
  1554.77771   182.22223     9.00000     5.00000     5.17100    6000.00
  1557.00000   180.00000     9.00000     5.00000     5.17100    6000.00
  1559.22217   177.77777     9.00000     5.00000     5.17100    6000.00
  1561.44446   175.55556     9.00000     5.00000     5.17100    6000.00
  1563.66663   173.33333     9.00000     5.00000     5.17100    6000.00
  1565.88892   171.11111     9.00000     5.00000     5.17100    6000.00
  1568.11108   168.88889     9.00000     5.00000     5.17100    6000.00
  1569.87036   167.12962     9.00000     5.00000     5.17100    6000.00
  1571.62964   165.37036     9.00000     5.00000     5.17100    6000.00
  1573.38892   163.61111     9.00000     5.00000     5.17100    6000.00
  1575.14819   161.85185     9.00000     5.00000     5.17100    6000.00
  1576.90735   160.09259     9.00000     5.00000     5.17100    6000.00
  1578.66663   158.33333     9.00000     5.00000     5.17100    6000.00
  1580.42590   156.57407     9.00000     5.00000     5.17100    6000.00
  1582.18518   154.81482     9.00000     5.00000     5.17100    6000.00
  1583.94446   153.05556     9.00000     5.00000     5.17100    6000.00
  1585.70374   151.29630     9.00000     5.00000     5.17100    6000.00
  1587.46301   149.53703     9.00000     5.00000     5.17100    6000.00
  1589.22217   147.77777     9.00000     5.00000     5.17100    6000.00
  1590.98145   146.01852     9.00000     5.00000     5.17100    6000.00
  1592.74072   144.25926     9.00000     5.00000     5.17100    6000.00
  1594.50000   142.50000     9.00000     5.00000     5.17100    6000.00
  1596.25928   140.74074     9.00000     5.00000     5.17100    6000.00
  1598.01855   138.98148     9.00000     5.00000     5.17100    6000.00
  1599.77783   137.22223     9.00000     5.00000     5.17100    6000.00
  1601.53711   135.46297     9.00000     5.00000     5.17100    6000.00
  1603.29639   133.70370     9.00000     5.00000     5.17100    6000.00
  1605.05554   131.94444     9.00000     5.00000     5.17100    6000.00
  1606.81482   130.18520     9.00000     5.00000     5.17100    6000.00
  1608.57410   128.42593     9.00000     5.00000     5.17100    6000.00
  1610.33337   126.66667     9.00000     5.00000     5.17100    6000.00
  1611.65283   125.34723     9.00000     5.00000     5.17100    6000.00
  1612.97229   124.02779     9.00000     5.00000     5.17100    6000.00
  1614.29175   122.70834     9.00000     5.00000     5.17100    6000.00
  1615.61108   121.38889     9.00000     5.00000     5.17100    6000.00
  1616.93054   120.06945     9.00000     5.00000     5.17100    6000.00
  1618.25000   118.75001     9.00000     5.00000     5.17100    6000.00
  1619.56946   117.43056     9.00000     5.00000     5.17100    6000.00
  1620.88892   116.11111     9.00000     5.00000     5.17100    6000.00
  1622.20837   114.79167     9.00000     5.00000     5.17100    6000.00
  1623.52783   113.47223     9.00000     5.00000     5.17100    6000.00
  1624.84729   112.15279     9.00000     5.00000     5.17100    6000.00
  1626.16675   110.83334     9.00000     5.00000     5.17100    6000.00
  1627.48608   109.51390     9.00000     5.00000     5.17100    6000.00
  1628.80554   108.19446     9.00000     5.00000     5.17100    6000.00
  1630.12500   106.87501     9.00000     5.00000     5.17100    6000.00
  1631.44446   105.55556     9.00000     5.00000     5.17100    6000.00
  1632.76392   104.23612     9.00000     5.00000     5.17100    6000.00
  1634.08337   102.91667     9.00000     5.00000     5.17100    6000.00
  1635.40283   101.59723     9.00000     5.00000     5.17100    6000.00
  1636.72217   100.27779     9.00000     5.00000     5.17100    6000.00
  1638.04163    98.95834     9.00000     5.00000     5.17100    6000.00
  1639.36108    97.63890     9.00000     5.00000     5.17100    6000.00
  1640.68054    96.31946     9.00000     5.00000     5.17100    6000.00
  1642.00000    95.00002     9.00000     5.00000     5.17100    6000.00
  1643.31946    93.68057     9.00000     5.00000     5.17100    6000.00
  1644.63892    92.36112     9.00000     5.00000     5.17100    6000.00
  1645.95837    91.04168     9.00000     5.00000     5.17100    6000.00
  1647.27783    89.72224     9.00000     5.00000     5.17100    6000.00
  1648.59717    88.40279     9.00000     5.00000     5.17100    6000.00
  1649.91663    87.08334     9.00000     5.00000     5.17100    6000.00
  1651.23608    85.76390     9.00000     5.00000     5.17100    6000.00
  1652.55554    84.44446     9.00000     5.00000     5.17100    6000.00
  1653.41724    83.58278     9.00000     5.00000     5.17100    6000.00
  1654.27893    82.72110     9.00000     5.00000     5.17100    6000.00
  1655.14063    81.85942     9.00000     5.00000     5.17100    6000.00
  1656.00232    80.99774     9.00000     5.00000     5.17100    6000.00
  1656.86389    80.13607     9.00000     5.00000     5.17100    6000.00
  1657.72559    79.27439     9.00000     5.00000     5.17100    6000.00
  1658.58728    78.41271     9.00000     5.00000     5.17100    6000.00
  1659.44897    77.55103     9.00000     5.00000     5.17100    6000.00
  1660.31067    76.68935     9.00000     5.00000     5.17100    6000.00
  1661.17236    75.82767     9.00000     5.00000     5.17100    6000.00
  1662.03406    74.96600     9.00000     5.00000     5.17100    6000.00
  1662.89575    74.10432     9.00000     5.00000     5.17100    6000.00
  1663.75732    73.24265     9.00000     5.00000     5.17100    6000.00
  1664.61902    72.38097     9.00000     5.00000     5.17100    6000.00
  1665.48071    71.51929     9.00000     5.00000     5.17100    6000.00
  1666.34241    70.65761     9.00000     5.00000     5.17100    6000.00
  1667.20410    69.79593     9.00000     5.00000     5.17100    6000.00
  1668.06580    68.93425     9.00000     5.00000     5.17100    6000.00
  1668.92749    68.07257     9.00000     5.00000     5.17100    6000.00
  1669.78918    67.21089     9.00000     5.00000     5.17100    6000.00
  1670.65076    66.34921     9.00000     5.00000     5.17100    6000.00
  1671.51245    65.48754     9.00000     5.00000     5.17100    6000.00
  1672.37415    64.62586     9.00000     5.00000     5.17100    6000.00
  1673.23584    63.76418     9.00000     5.00000     5.17100    6000.00
  1674.09753    62.90250     9.00000     5.00000     5.17100    6000.00
  1674.95923    62.04082     9.00000     5.00000     5.17100    6000.00
  1675.82092    61.17915     9.00000     5.00000     5.17100    6000.00
  1676.68262    60.31747     9.00000     5.00000     5.17100    6000.00
  1677.54419    59.45580     9.00000     5.00000     5.17100    6000.00
  1678.40588    58.59412     9.00000     5.00000     5.17100    6000.00
  1679.26758    57.73244     9.00000     5.00000     5.17100    6000.00
  1680.12927    56.87076     9.00000     5.00000     5.17100    6000.00
  1680.99097    56.00908     9.00000     5.00000     5.17100    6000.00
  1681.85266    55.14740     9.00000     5.00000     5.17100    6000.00
  1682.71436    54.28572     9.00000     5.00000     5.17100    6000.00
  1683.57605    53.42405     9.00000     5.00000     5.17100    6000.00
  1684.43762    52.56237     9.00000     5.00000     5.17100    6000.00
  1685.29932    51.70069     9.00000     5.00000     5.17100    6000.00
  1686.16101    50.83901     9.00000     5.00000     5.17100    6000.00
  1687.02271    49.97733     9.00000     5.00000     5.17100    6000.00
  1687.88440    49.11565     9.00000     5.00000     5.17100    6000.00
  1688.74609    48.25397     9.00000     5.00000     5.17100    6000.00
  1689.60779    47.39230     9.00000     5.00000     5.17100    6000.00
  1690.46948    46.53062     9.00000     5.00000     5.17100    6000.00
  1691.33105    45.66894     9.00000     5.00000     5.17100    6000.00
  1692.19275    44.80726     9.00000     5.00000     5.17100    6000.00
  1693.05444    43.94558     9.00000     5.00000     5.17100    6000.00
  1693.91614    43.08391     9.00000     5.00000     5.17100    6000.00
  1694.77783    42.22223     9.00000     5.00000     5.17100    6000.00
  1694.87793    42.12218     9.00000     5.00000     5.17100    6000.00
  1694.97791    42.02213     9.00000     5.00000     5.17100    6000.00
  1695.07800    41.92207     9.00000     5.00000     5.17100    6000.00
  1695.17810    41.82202     9.00000     5.00000     5.17100    6000.00
  1695.27808    41.72197     9.00000     5.00000     5.17100    6000.00
  1695.37817    41.62191     9.00000     5.00000     5.17100    6000.00
  1695.47815    41.52186     9.00000     5.00000     5.17100    6000.00
  1695.57825    41.42181     9.00000     5.00000     5.17100    6000.00
  1695.67834    41.32175     9.00000     5.00000     5.17100    6000.00
  1695.77832    41.22170     9.00000     5.00000     5.17100    6000.00
  1695.87842    41.12165     9.00000     5.00000     5.17100    6000.00
  1695.97852    41.02160     9.00000     5.00000     5.17100    6000.00
  1696.07849    40.92154     9.00000     5.00000     5.17100    6000.00
  1696.17859    40.82149     9.00000     5.00000     5.17100    6000.00
  1696.27856    40.72144     9.00000     5.00000     5.17100    6000.00
  1696.37866    40.62139     9.00000     5.00000     5.17100    6000.00
  1696.47876    40.52133     9.00000     5.00000     5.17100    6000.00
  1696.57874    40.42128     9.00000     5.00000     5.17100    6000.00
  1696.67883    40.32123     9.00000     5.00000     5.17100    6000.00
  1696.77893    40.22118     9.00000     5.00000     5.17100    6000.00
  1696.87891    40.12112     9.00000     5.00000     5.17100    6000.00
  1696.97900    40.02107     9.00000     5.00000     5.17100    6000.00
  1697.07898    39.92102     9.00000     5.00000     5.17100    6000.00
  1697.17908    39.82096     9.00000     5.00000     5.17100    6000.00
  1697.27917    39.72091     9.00000     5.00000     5.17100    6000.00
  1697.37915    39.62086     9.00000     5.00000     5.17100    6000.00
  1697.47925    39.52081     9.00000     5.00000     5.17100    6000.00
  1697.57935    39.42075     9.00000     5.00000     5.17100    6000.00
  1697.67932    39.32070     9.00000     5.00000     5.17100    6000.00
  1697.77942    39.22065     9.00000     5.00000     5.17100    6000.00
  1697.87952    39.12060     9.00000     5.00000     5.17100    6000.00
  1697.97949    39.02054     9.00000     5.00000     5.17100    6000.00
  1698.07959    38.92049     9.00000     5.00000     5.17100    6000.00
  1698.17957    38.82044     9.00000     5.00000     5.17100    6000.00
  1698.27966    38.72039     9.00000     5.00000     5.17100    6000.00
  1698.37976    38.62033     9.00000     5.00000     5.17100    6000.00
  1698.47974    38.52028     9.00000     5.00000     5.17100    6000.00
  1698.57983    38.42023     9.00000     5.00000     5.17100    6000.00
  1698.67993    38.32018     9.00000     5.00000     5.17100    6000.00
  1698.77991    38.22012     9.00000     5.00000     5.17100    6000.00
  1698.88000    38.12007     9.00000     5.00000     5.17100    6000.00
  1698.97998    38.02002     9.00000     5.00000     5.17100    6000.00
  1699.08008    37.91996     9.00000     5.00000     5.17100    6000.00
  1699.18018    37.81991     9.00000     5.00000     5.17100    6000.00
  1699.28015    37.71986     9.00000     5.00000     5.17100    6000.00
  1699.38025    37.61980     9.00000     5.00000     5.17100    6000.00
  1699.48035    37.51975     9.00000     5.00000     5.17100    6000.00
  1699.58032    37.41970     9.00000     5.00000     5.17100    6000.00
  1699.68042    37.31965     9.00000     5.00000     5.17100    6000.00
  1699.78052    37.21960     9.00000     5.00000     5.17100    6000.00
  1699.88049    37.11954     9.00000     5.00000     5.17100    6000.00
  1699.98059    37.01949     9.00000     5.00000     5.17100    6000.00
  1700.08057    36.91944     9.00000     5.00000     5.17100    6000.00
  1700.18066    36.81939     9.00000     5.00000     5.17100    6000.00
  1700.28076    36.71933     9.00000     5.00000     5.17100    6000.00
  1700.38074    36.61928     9.00000     5.00000     5.17100    6000.00
  1700.48083    36.51923     9.00000     5.00000     5.17100    6000.00
  1700.58093    36.41917     9.00000     5.00000     5.17100    6000.00
  1700.68091    36.31912     9.00000     5.00000     5.17100    6000.00
  1700.78101    36.21907     9.00000     5.00000     5.17100    6000.00
  1700.88098    36.11901     9.00000     5.00000     5.17100    6000.00
  1700.98108    36.01896     9.00000     5.00000     5.17100    6000.00
  1701.08118    35.91891     9.00000     5.00000     5.17100    6000.00
  1701.18115    35.81886     9.00000     5.00000     5.17100    6000.00
  1701.28125    35.71880     9.00000     5.00000     5.17100    6000.00
  1701.38135    35.61875     9.00000     5.00000     5.17100    6000.00
  1701.48132    35.51870     9.00000     5.00000     5.17100    6000.00
  1701.58142    35.41865     9.00000     5.00000     5.17100    6000.00
  1701.68140    35.31860     9.00000     5.00000     5.17100    6000.00
  1701.78149    35.21854     9.00000     5.00000     5.17100    6000.00
  1701.88159    35.11849     9.00000     5.00000     5.17100    6000.00
  1701.98157    35.01844     9.00000     5.00000     5.17100    6000.00
  1702.08167    34.91838     9.00000     5.00000     5.17100    6000.00
  1702.18176    34.81833     9.00000     5.00000     5.17100    6000.00
  1702.28174    34.71828     9.00000     5.00000     5.17100    6000.00
  1702.38184    34.61823     9.00000     5.00000     5.17100    6000.00
  1702.48193    34.51817     9.00000     5.00000     5.17100    6000.00
  1702.58191    34.41812     9.00000     5.00000     5.17100    6000.00
  1702.68201    34.31807     9.00000     5.00000     5.17100    6000.00
  1702.78198    34.21801     9.00000     5.00000     5.17100    6000.00
  1702.88208    34.11796     9.00000     5.00000     5.17100    6000.00
  1702.98218    34.01791     9.00000     5.00000     5.17100    6000.00
  1703.08215    33.91786     9.00000     5.00000     5.17100    6000.00
  1703.18225    33.81780     9.00000     5.00000     5.17100    6000.00
  1703.28235    33.71775     9.00000     5.00000     5.17100    6000.00
  1703.38232    33.61770     9.00000     5.00000     5.17100    6000.00
  1703.48242    33.51765     9.00000     5.00000     5.17100    6000.00
  1703.58240    33.41759     9.00000     5.00000     5.17100    6000.00
  1703.68250    33.31754     9.00000     5.00000     5.17100    6000.00
  1703.78259    33.21749     9.00000     5.00000     5.17100    6000.00
  1703.88257    33.11744     9.00000     5.00000     5.17100    6000.00
  1703.98267    33.01738     9.00000     5.00000     5.17100    6000.00
  1704.08276    32.91733     9.00000     5.00000     5.17100    6000.00
  1704.18274    32.81728     9.00000     5.00000     5.17100    6000.00
  1704.28284    32.71722     9.00000     5.00000     5.17100    6000.00
  1704.38293    32.61717     9.00000     5.00000     5.17100    6000.00
  1704.48291    32.51712     9.00000     5.00000     5.17100    6000.00
  1704.58301    32.41707     9.00000     5.00000     5.17100    6000.00
  1704.68298    32.31702     9.00000     5.00000     5.17100    6000.00
  1704.78308    32.21696     9.00000     5.00000     5.17100    6000.00
  1704.88318    32.11691     9.00000     5.00000     5.17100    6000.00
  1704.98315    32.01686     9.00000     5.00000     5.17100    6000.00
  1705.08325    31.91680     9.00000     5.00000     5.17100    6000.00
  1705.18335    31.81675     9.00000     5.00000     5.17100    6000.00
  1705.28333    31.71670     9.00000     5.00000     5.17100    6000.00
  1705.38342    31.61665     9.00000     5.00000     5.17100    6000.00
  1705.48340    31.51659     9.00000     5.00000     5.17100    6000.00
  1705.58350    31.41654     9.00000     5.00000     5.17100    6000.00
  1705.68359    31.31649     9.00000     5.00000     5.17100    6000.00
  1705.78357    31.21643     9.00000     5.00000     5.17100    6000.00
  1705.88367    31.11638     9.00000     5.00000     5.17100    6000.00
  1705.98376    31.01633     9.00000     5.00000     5.17100    6000.00
  1706.08374    30.91628     9.00000     5.00000     5.17100    6000.00
  1706.18384    30.81622     9.00000     5.00000     5.17100    6000.00
  1706.28381    30.71617     9.00000     5.00000     5.17100    6000.00
  1706.38391    30.61612     9.00000     5.00000     5.17100    6000.00
  1706.48401    30.51607     9.00000     5.00000     5.17100    6000.00
  1706.58398    30.41601     9.00000     5.00000     5.17100    6000.00
  1706.68408    30.31596     9.00000     5.00000     5.17100    6000.00
  1706.78418    30.21591     9.00000     5.00000     5.17100    6000.00
  1706.88416    30.11586     9.00000     5.00000     5.17100    6000.00
  1706.98425    30.01580     9.00000     5.00000     5.17100    6000.00
  1707.08435    29.91575     9.00000     5.00000     5.17100    6000.00
  1707.18433    29.81570     9.00000     5.00000     5.17100    6000.00
  1707.28442    29.71564     9.00000     5.00000     5.17100    6000.00
  1707.38440    29.61559     9.00000     5.00000     5.17100    6000.00
  1707.48450    29.51554     9.00000     5.00000     5.17100    6000.00
  1707.58459    29.41549     9.00000     5.00000     5.17100    6000.00
  1707.68457    29.31543     9.00000     5.00000     5.17100    6000.00
  1707.78467    29.21538     9.00000     5.00000     5.17100    6000.00
  1707.88477    29.11533     9.00000     5.00000     5.17100    6000.00
  1707.98474    29.01528     9.00000     5.00000     5.17100    6000.00
  1708.08484    28.91522     9.00000     5.00000     5.17100    6000.00
  1708.18481    28.81517     9.00000     5.00000     5.17100    6000.00
  1708.28491    28.71512     9.00000     5.00000     5.17100    6000.00
  1708.38501    28.61507     9.00000     5.00000     5.17100    6000.00
  1708.48499    28.51501     9.00000     5.00000     5.17100    6000.00
  1708.58508    28.41496     9.00000     5.00000     5.17100    6000.00
  1708.68518    28.31491     9.00000     5.00000     5.17100    6000.00
  1708.78516    28.21486     9.00000     5.00000     5.17100    6000.00
  1708.88525    28.11480     9.00000     5.00000     5.17100    6000.00
  1708.98535    28.01475     9.00000     5.00000     5.17100    6000.00
  1709.08533    27.91470     9.00000     5.00000     5.17100    6000.00
  1709.18542    27.81464     9.00000     5.00000     5.17100    6000.00
  1709.28540    27.71459     9.00000     5.00000     5.17100    6000.00
  1709.38550    27.61454     9.00000     5.00000     5.17100    6000.00
  1709.48560    27.51449     9.00000     5.00000     5.17100    6000.00
  1709.58557    27.41443     9.00000     5.00000     5.17100    6000.00
  1709.68567    27.31438     9.00000     5.00000     5.17100    6000.00
  1709.78577    27.21433     9.00000     5.00000     5.17100    6000.00
  1709.88574    27.11427     9.00000     5.00000     5.17100    6000.00
  1709.98584    27.01422     9.00000     5.00000     5.17100    6000.00
  1710.08582    26.91417     9.00000     5.00000     5.17100    6000.00
  1710.18591    26.81412     9.00000     5.00000     5.17100    6000.00
  1710.28601    26.71407     9.00000     5.00000     5.17100    6000.00
  1710.38599    26.61401     9.00000     5.00000     5.17100    6000.00
  1710.48608    26.51396     9.00000     5.00000     5.17100    6000.00
  1710.58618    26.41391     9.00000     5.00000     5.17100    6000.00
  1710.68616    26.31385     9.00000     5.00000     5.17100    6000.00
  1710.78625    26.21380     9.00000     5.00000     5.17100    6000.00
  1710.88623    26.11375     9.00000     5.00000     5.17100    6000.00
  1710.98633    26.01370     9.00000     5.00000     5.17100    6000.00
  1711.08643    25.91364     9.00000     5.00000     5.17100    6000.00
  1711.18640    25.81359     9.00000     5.00000     5.17100    6000.00
  1711.28650    25.71354     9.00000     5.00000     5.17100    6000.00
  1711.38660    25.61349     9.00000     5.00000     5.17100    6000.00
  1711.48657    25.51343     9.00000     5.00000     5.17100    6000.00
  1711.58667    25.41338     9.00000     5.00000     5.17100    6000.00
  1711.68677    25.31333     9.00000     5.00000     5.17100    6000.00
  1711.78674    25.21327     9.00000     5.00000     5.17100    6000.00
  1711.88684    25.11322     9.00000     5.00000     5.17100    6000.00
  1711.98682    25.01317     9.00000     5.00000     5.17100    6000.00
  1712.08691    24.91312     9.00000     5.00000     5.17100    6000.00
  1712.18701    24.81306     9.00000     5.00000     5.17100    6000.00
  1712.28699    24.71301     9.00000     5.00000     5.17100    6000.00
  1712.38708    24.61296     9.00000     5.00000     5.17100    6000.00
  1712.48718    24.51291     9.00000     5.00000     5.17100    6000.00
  1712.58716    24.41285     9.00000     5.00000     5.17100    6000.00
  1712.68726    24.31280     9.00000     5.00000     5.17100    6000.00
  1712.78723    24.21275     9.00000     5.00000     5.17100    6000.00
  1712.88733    24.11269     9.00000     5.00000     5.17100    6000.00
  1712.98743    24.01264     9.00000     5.00000     5.17100    6000.00
  1713.08740    23.91259     9.00000     5.00000     5.17100    6000.00
  1713.18750    23.81254     9.00000     5.00000     5.17100    6000.00
  1713.28760    23.71248     9.00000     5.00000     5.17100    6000.00
  1713.38757    23.61243     9.00000     5.00000     5.17100    6000.00
  1713.48767    23.51238     9.00000     5.00000     5.17100    6000.00
  1713.58765    23.41232     9.00000     5.00000     5.17100    6000.00
  1713.68774    23.31227     9.00000     5.00000     5.17100    6000.00
  1713.78784    23.21222     9.00000     5.00000     5.17100    6000.00
  1713.88782    23.11217     9.00000     5.00000     5.17100    6000.00
  1713.98792    23.01212     9.00000     5.00000     5.17100    6000.00
  1714.08801    22.91206     9.00000     5.00000     5.17100    6000.00
  1714.18799    22.81201     9.00000     5.00000     5.17100    6000.00
  1714.28809    22.71196     9.00000     5.00000     5.17100    6000.00
  1714.38818    22.61191     9.00000     5.00000     5.17100    6000.00
  1714.48816    22.51185     9.00000     5.00000     5.17100    6000.00
  1714.58826    22.41180     9.00000     5.00000     5.17100    6000.00
  1714.68823    22.31175     9.00000     5.00000     5.17100    6000.00
  1714.78833    22.21169     9.00000     5.00000     5.17100    6000.00
  1714.88843    22.11164     9.00000     5.00000     5.17100    6000.00
  1714.98840    22.01159     9.00000     5.00000     5.17100    6000.00
  1715.08850    21.91154     9.00000     5.00000     5.17100    6000.00
  1715.18860    21.81148     9.00000     5.00000     5.17100    6000.00
  1715.28857    21.71143     9.00000     5.00000     5.17100    6000.00
  1715.38867    21.61138     9.00000     5.00000     5.17100    6000.00
  1715.48865    21.51133     9.00000     5.00000     5.17100    6000.00
  1715.58875    21.41127     9.00000     5.00000     5.17100    6000.00
  1715.68884    21.31122     9.00000     5.00000     5.17100    6000.00
  1715.78882    21.21117     9.00000     5.00000     5.17100    6000.00
  1715.88892    21.11111     9.00000     5.00000     5.17100    6000.00
  1715.98901    21.01106     9.00000     5.00000     5.17100    6000.00
  1716.08899    20.91101     9.00000     5.00000     5.17100    6000.00
  1716.18909    20.81096     9.00000     5.00000     5.17100    6000.00
  1716.28918    20.71090     9.00000     5.00000     5.17100    6000.00
  1716.38916    20.61085     9.00000     5.00000     5.17100    6000.00
  1716.48926    20.51080     9.00000     5.00000     5.17100    6000.00
  1716.58923    20.41075     9.00000     5.00000     5.17100    6000.00
  1716.68933    20.31069     9.00000     5.00000     5.17100    6000.00
  1716.78943    20.21064     9.00000     5.00000     5.17100    6000.00
  1716.88940    20.11059     9.00000     5.00000     5.17100    6000.00
  1716.98950    20.01053     9.00000     5.00000     5.17100    6000.00
  1717.08960    19.91048     9.00000     5.00000     5.17100    6000.00
  1717.18958    19.81043     9.00000     5.00000     5.17100    6000.00
  1717.28967    19.71038     9.00000     5.00000     5.17100    6000.00
  1717.38965    19.61032     9.00000     5.00000     5.17100    6000.00
  1717.48975    19.51027     9.00000     5.00000     5.17100    6000.00
  1717.58984    19.41022     9.00000     5.00000     5.17100    6000.00
  1717.68982    19.31017     9.00000     5.00000     5.17100    6000.00
  1717.78992    19.21012     9.00000     5.00000     5.17100    6000.00
  1717.89001    19.11006     9.00000     5.00000     5.17100    6000.00
  1717.98999    19.01001     9.00000     5.00000     5.17100    6000.00
  1718.09009    18.90996     9.00000     5.00000     5.17100    6000.00
  1718.19019    18.80990     9.00000     5.00000     5.17100    6000.00
  1718.29016    18.70985     9.00000     5.00000     5.17100    6000.00
  1718.39026    18.60980     9.00000     5.00000     5.17100    6000.00
  1718.49023    18.50975     9.00000     5.00000     5.17100    6000.00
  1718.59033    18.40969     9.00000     5.00000     5.17100    6000.00
  1718.69043    18.30964     9.00000     5.00000     5.17100    6000.00
  1718.79041    18.20959     9.00000     5.00000     5.17100    6000.00
  1718.89050    18.10953     9.00000     5.00000     5.17100    6000.00
  1718.99060    18.00948     9.00000     5.00000     5.17100    6000.00
  1719.09058    17.90943     9.00000     5.00000     5.17100    6000.00
  1719.19067    17.80938     9.00000     5.00000     5.17100    6000.00
  1719.29065    17.70932     9.00000     5.00000     5.17100    6000.00
  1719.39075    17.60927     9.00000     5.00000     5.17100    6000.00
  1719.49084    17.50922     9.00000     5.00000     5.17100    6000.00
  1719.59082    17.40916     9.00000     5.00000     5.17100    6000.00
  1719.69092    17.30911     9.00000     5.00000     5.17100    6000.00
  1719.79102    17.20906     9.00000     5.00000     5.17100    6000.00
  1719.89099    17.10901     9.00000     5.00000     5.17100    6000.00
  1719.99109    17.00896     9.00000     5.00000     5.17100    6000.00
  1720.09106    16.90890     9.00000     5.00000     5.17100    6000.00
  1720.19116    16.80885     9.00000     5.00000     5.17100    6000.00
  1720.29126    16.70880     9.00000     5.00000     5.17100    6000.00
  1720.39124    16.60874     9.00000     5.00000     5.17100    6000.00
  1720.49133    16.50869     9.00000     5.00000     5.17100    6000.00
  1720.59143    16.40864     9.00000     5.00000     5.17100    6000.00
  1720.69141    16.30859     9.00000     5.00000     5.17100    6000.00
  1720.79150    16.20853     9.00000     5.00000     5.17100    6000.00
  1720.89160    16.10848     9.00000     5.00000     5.17100    6000.00
  1720.99158    16.00843     9.00000     5.00000     5.17100    6000.00
  1721.09167    15.90837     9.00000     5.00000     5.17100    6000.00
  1721.19165    15.80832     9.00000     5.00000     5.17100    6000.00
  1721.29175    15.70827     9.00000     5.00000     5.17100    6000.00
  1721.39185    15.60822     9.00000     5.00000     5.17100    6000.00
  1721.49182    15.50817     9.00000     5.00000     5.17100    6000.00
  1721.59192    15.40811     9.00000     5.00000     5.17100    6000.00
  1721.69202    15.30806     9.00000     5.00000     5.17100    6000.00
  1721.79199    15.20801     9.00000     5.00000     5.17100    6000.00
  1721.89209    15.10796     9.00000     5.00000     5.17100    6000.00
  1721.99207    15.00790     9.00000     5.00000     5.17100    6000.00
  1722.09216    14.90785     9.00000     5.00000     5.17100    6000.00
  1722.19226    14.80780     9.00000     5.00000     5.17100    6000.00
  1722.29224    14.70774     9.00000     5.00000     5.17100    6000.00
  1722.39233    14.60769     9.00000     5.00000     5.17100    6000.00
  1722.49243    14.50764     9.00000     5.00000     5.17100    6000.00
  1722.59241    14.40759     9.00000     5.00000     5.17100    6000.00
  1722.69250    14.30753     9.00000     5.00000     5.17100    6000.00
  1722.79248    14.20748     9.00000     5.00000     5.17100    6000.00
  1722.89258    14.10743     9.00000     5.00000     5.17100    6000.00
  1722.99268    14.00737     9.00000     5.00000     5.17100    6000.00
  1723.09265    13.90732     9.00000     5.00000     5.17100    6000.00
  1723.19275    13.80727     9.00000     5.00000     5.17100    6000.00
  1723.29285    13.70722     9.00000     5.00000     5.17100    6000.00
  1723.39282    13.60716     9.00000     5.00000     5.17100    6000.00
  1723.49292    13.50711     9.00000     5.00000     5.17100    6000.00
  1723.59302    13.40706     9.00000     5.00000     5.17100    6000.00
  1723.69299    13.30700     9.00000     5.00000     5.17100    6000.00
  1723.79309    13.20695     9.00000     5.00000     5.17100    6000.00
  1723.89307    13.10690     9.00000     5.00000     5.17100    6000.00
  1723.99316    13.00685     9.00000     5.00000     5.17100    6000.00
  1724.09326    12.90680     9.00000     5.00000     5.17100    6000.00
  1724.19324    12.80674     9.00000     5.00000     5.17100    6000.00
  1724.29333    12.70669     9.00000     5.00000     5.17100    6000.00
  1724.39343    12.60664     9.00000     5.00000     5.17100    6000.00
  1724.49341    12.50658     9.00000     5.00000     5.17100    6000.00
  1724.59351    12.40653     9.00000     5.00000     5.17100    6000.00
  1724.69348    12.30648     9.00000     5.00000     5.17100    6000.00
  1724.79358    12.20643     9.00000     5.00000     5.17100    6000.00
  1724.89368    12.10637     9.00000     5.00000     5.17100    6000.00
  1724.99365    12.00632     9.00000     5.00000     5.17100    6000.00
  1725.09375    11.90627     9.00000     5.00000     5.17100    6000.00
  1725.19385    11.80622     9.00000     5.00000     5.17100    6000.00
  1725.29382    11.70616     9.00000     5.00000     5.17100    6000.00
  1725.39392    11.60611     9.00000     5.00000     5.17100    6000.00
  1725.49390    11.50606     9.00000     5.00000     5.17100    6000.00
  1725.59399    11.40601     9.00000     5.00000     5.17100    6000.00
  1725.69409    11.30595     9.00000     5.00000     5.17100    6000.00
  1725.79407    11.20590     9.00000     5.00000     5.17100    6000.00
  1725.89417    11.10585     9.00000     5.00000     5.17100    6000.00
  1725.99426    11.00579     9.00000     5.00000     5.17100    6000.00
  1726.09424    10.90574     9.00000     5.00000     5.17100    6000.00
  1726.19434    10.80569     9.00000     5.00000     5.17100    6000.00
  1726.29443    10.70564     9.00000     5.00000     5.17100    6000.00
  1726.39441    10.60558     9.00000     5.00000     5.17100    6000.00
  1726.49451    10.50553     9.00000     5.00000     5.17100    6000.00
  1726.59448    10.40548     9.00000     5.00000     5.17100    6000.00
  1726.69458    10.30543     9.00000     5.00000     5.17100    6000.00
  1726.79468    10.20537     9.00000     5.00000     5.17100    6000.00
  1726.89465    10.10532     9.00000     5.00000     5.17100    6000.00
  1726.99475    10.00527     9.00000     5.00000     5.17100    6000.00
  1727.09485     9.90521     9.00000     5.00000     5.17100    6000.00
  1727.19482     9.80516     9.00000     5.00000     5.17100    6000.00
  1727.29492     9.70511     9.00000     5.00000     5.17100    6000.00
  1727.39502     9.60506     9.00000     5.00000     5.17100    6000.00
  1727.49500     9.50500     9.00000     5.00000     5.17100    6000.00
  1727.59509     9.40495     9.00000     5.00000     5.17100    6000.00
  1727.69507     9.30490     9.00000     5.00000     5.17100    6000.00
  1727.79517     9.20485     9.00000     5.00000     5.17100    6000.00
  1727.89526     9.10479     9.00000     5.00000     5.17100    6000.00
  1727.99524     9.00474     9.00000     5.00000     5.17100    6000.00
  1728.09534     8.90469     9.00000     5.00000     5.17100    6000.00
  1728.19543     8.80463     9.00000     5.00000     5.17100    6000.00
  1728.29541     8.70458     9.00000     5.00000     5.17100    6000.00
  1728.39551     8.60453     9.00000     5.00000     5.17100    6000.00
  1728.49548     8.50447     9.00000     5.00000     5.17100    6000.00
  1728.59558     8.40443     9.00000     5.00000     5.17100    6000.00
  1728.69568     8.30437     9.00000     5.00000     5.17100    6000.00
  1728.79565     8.20432     9.00000     5.00000     5.17100    6000.00
  1728.89575     8.10427     9.00000     5.00000     5.17100    6000.00
  1728.99585     8.00422     9.00000     5.00000     5.17100    6000.00
  1729.09583     7.90416     9.00000     5.00000     5.17100    6000.00
  1729.19592     7.80411     9.00000     5.00000     5.17100    6000.00
  1729.29590     7.70406     9.00000     5.00000     5.17100    6000.00
  1729.39600     7.60400     9.00000     5.00000     5.17100    6000.00
  1729.49609     7.50395     9.00000     5.00000     5.17100    6000.00
  1729.59607     7.40390     9.00000     5.00000     5.17100    6000.00
  1729.69617     7.30384     9.00000     5.00000     5.17100    6000.00
  1729.79626     7.20379     9.00000     5.00000     5.17100    6000.00
  1729.89624     7.10374     9.00000     5.00000     5.17100    6000.00
  1729.99634     7.00369     9.00000     5.00000     5.17100    6000.00
  1730.09644     6.90363     9.00000     5.00000     5.17100    6000.00
  1730.19641     6.80358     9.00000     5.00000     5.17100    6000.00
  1730.29651     6.70353     9.00000     5.00000     5.17100    6000.00
  1730.39648     6.60348     9.00000     5.00000     5.17100    6000.00
  1730.49658     6.50342     9.00000     5.00000     5.17100    6000.00
  1730.59668     6.40337     9.00000     5.00000     5.17100    6000.00
  1730.69666     6.30332     9.00000     5.00000     5.17100    6000.00
  1730.79675     6.20327     9.00000     5.00000     5.17100    6000.00
  1730.89685     6.10321     9.00000     5.00000     5.17100    6000.00
  1730.99683     6.00316     9.00000     5.00000     5.17100    6000.00
  1731.09692     5.90311     9.00000     5.00000     5.17100    6000.00
  1731.19690     5.80305     9.00000     5.00000     5.17100    6000.00
  1731.29700     5.70300     9.00000     5.00000     5.17100    6000.00
  1731.39709     5.60295     9.00000     5.00000     5.17100    6000.00
  1731.49707     5.50290     9.00000     5.00000     5.17100    6000.00
  1731.59717     5.40284     9.00000     5.00000     5.17100    6000.00
  1731.69727     5.30279     9.00000     5.00000     5.17100    6000.00
  1731.79724     5.20274     9.00000     5.00000     5.17100    6000.00
  1731.89734     5.10268     9.00000     5.00000     5.17100    6000.00
  1731.99731     5.00264     9.00000     5.00000     5.17100    6000.00
  1732.09741     4.90258     9.00000     5.00000     5.17100    6000.00
  1732.19751     4.80253     9.00000     5.00000     5.17100    6000.00
  1732.29749     4.70248     9.00000     5.00000     5.17100    6000.00
  1732.39758     4.60242     9.00000     5.00000     5.17100    6000.00
  1732.49768     4.50237     9.00000     5.00000     5.17100    6000.00
  1732.59766     4.40232     9.00000     5.00000     5.17100    6000.00
  1732.69775     4.30227     9.00000     5.00000     5.17100    6000.00
  1732.79785     4.20221     9.00000     5.00000     5.17100    6000.00
  1732.89783     4.10216     9.00000     5.00000     5.17100    6000.00
  1732.99792     4.00211     9.00000     5.00000     5.17100    6000.00
  1733.09790     3.90205     9.00000     5.00000     5.17100    6000.00
  1733.19800     3.80200     9.00000     5.00000     5.17100    6000.00
  1733.29810     3.70195     9.00000     5.00000     5.17100    6000.00
  1733.39807     3.60190     9.00000     5.00000     5.17100    6000.00
  1733.49817     3.50184     9.00000     5.00000     5.17100    6000.00
  1733.59827     3.40179     9.00000     5.00000     5.17100    6000.00
  1733.69824     3.30174     9.00000     5.00000     5.17100    6000.00
  1733.79834     3.20168     9.00000     5.00000     5.17100    6000.00
  1733.89832     3.10163     9.00000     5.00000     5.17100    6000.00
  1733.99841     3.00158     9.00000     5.00000     5.17100    6000.00
  1734.09851     2.90153     9.00000     5.00000     5.17100    6000.00
  1734.19849     2.80148     9.00000     5.00000     5.17100    6000.00
  1734.29858     2.70142     9.00000     5.00000     5.17100    6000.00
  1734.39868     2.60137     9.00000     5.00000     5.17100    6000.00
  1734.49866     2.50132     9.00000     5.00000     5.17100    6000.00
  1734.59875     2.40126     9.00000     5.00000     5.17100    6000.00
  1734.69873     2.30121     9.00000     5.00000     5.17100    6000.00
  1734.79883     2.20116     9.00000     5.00000     5.17100    6000.00
  1734.89893     2.10111     9.00000     5.00000     5.17100    6000.00
  1734.99890     2.00105     9.00000     5.00000     5.17100    6000.00
  1735.09900     1.90100     9.00000     5.00000     5.17100    6000.00
  1735.19910     1.80095     9.00000     5.00000     5.17100    6000.00
  1735.29907     1.70090     9.00000     5.00000     5.17100    6000.00
  1735.39917     1.60085     9.00000     5.00000     5.17100    6000.00
  1735.49927     1.50079     9.00000     5.00000     5.17100    6000.00
  1735.59924     1.40074     9.00000     5.00000     5.17100    6000.00
  1735.69934     1.30068     9.00000     5.00000     5.17100    6000.00
  1735.79932     1.20063     9.00000     5.00000     5.17100    6000.00
  1735.89941     1.10058     9.00000     5.00000     5.17100    6000.00
  1735.99951     1.00053     9.00000     5.00000     5.17100    6000.00
  1736.09949     0.90047     9.00000     5.00000     5.17100    6000.00
  1736.19958     0.80042     9.00000     5.00000     5.17100    6000.00
  1736.29968     0.70037     9.00000     5.00000     5.17100    6000.00
  1736.39966     0.60032     9.00000     5.00000     5.17100    6000.00
  1736.49976     0.50026     9.00000     5.00000     5.17100    6000.00
  1736.59985     0.40021     9.00000     5.00000     5.17100    6000.00
  1736.69983     0.30016     9.00000     5.00000     5.17100    6000.00
  1736.79993     0.20011     9.00000     5.00000     5.17100    6000.00
  1736.89990     0.10005     9.00000     5.00000     5.17100    6000.00
  1737.00000     0.00000     9.00000     5.00000     5.17100    6000.00
