0.00000  1737.00000  7.18721  4.01609  3.50000  0.00000
10.28032  1726.71968  7.18721  4.01609  3.50000  0.00000
20.56059  1716.43941  7.20848  4.02797  3.50000  0.00000
30.84104  1706.15896  7.20835  4.02790  3.50000  0.00000
41.12127  1695.87873  7.20822  4.02783  3.50000  0.00000
51.40140  1685.59860  7.20809  4.02776  3.50000  0.00000
61.68172  1675.31828  7.20795  4.02768  3.50000  0.00000
71.96221  1665.03779  7.20782  4.02760  3.50000  0.00000
82.24247  1654.75753  7.20768  4.02753  3.50000  0.00000
92.52278  1644.47722  7.20754  4.02745  3.50000  0.00000
102.80298  1634.19702  7.20740  4.02737  3.50000  0.00000
113.08324  1623.91676  7.20726  4.02729  3.50000  0.00000
123.36364  1613.63636  7.20711  4.02721  3.50000  0.00000
133.64385  1603.35615  7.20697  4.02713  3.50000  0.00000
143.92421  1593.07579  7.20682  4.02705  3.50000  0.00000
154.20440  1582.79560  7.20667  4.02696  3.50000  0.00000
164.48482  1572.51518  7.20652  4.02688  3.50000  0.00000
174.76506  1562.23494  7.20637  4.02679  3.50000  0.00000
185.04551  1551.95449  7.20621  4.02671  3.50000  0.00000
195.32578  1541.67422  7.20605  4.02662  3.50000  0.00000
205.60613  1531.39387  7.20589  4.02653  3.50000  0.00000
215.88638  1521.11362  7.20573  4.02644  3.50000  0.00000
226.16677  1510.83323  7.20557  4.02635  3.50000  0.00000
236.44698  1500.55302  7.20540  4.02626  3.50000  0.00000
246.72725  1490.27275  7.20523  4.02616  3.50000  0.00000
257.00760  1479.99240  7.20506  4.02607  3.50000  0.00000
267.28778  1469.71222  7.20489  4.02597  3.50000  0.00000
277.56823  1459.43177  7.20471  4.02587  3.50000  0.00000
287.84856  1449.15144  7.20454  4.02577  3.50000  0.00000
298.12870  1438.87130  7.20436  4.02567  3.50000  0.00000
308.40904  1428.59096  7.20417  4.02557  3.50000  0.00000
318.68945  1418.31055  7.20399  4.02546  3.50000  0.00000
328.96976  1408.03024  7.20380  4.02536  3.50000  0.00000
339.25004  1397.74996  7.20361  4.02525  3.50000  0.00000
349.53022  1387.46978  7.20341  4.02514  3.50000  0.00000
359.81048  1377.18952  7.20322  4.02503  3.50000  0.00000
370.09099  1366.90901  7.20301  4.02492  3.50000  0.00000
380.37124  1356.62876  7.20281  4.02481  3.50000  0.00000
390.65146  1346.34854  7.20261  4.02469  3.50000  0.00000
400.93173  1336.06827  7.20240  4.02458  3.50000  0.00000
411.21210  1325.78790  7.20218  4.02446  3.50000  0.00000
421.49239  1315.50761  7.20197  4.02434  3.50000  0.00000
431.77268  1305.22732  7.20175  4.02421  3.50000  0.00000
442.05297  1294.94703  7.20153  4.02409  3.50000  0.00000
452.33328  1284.66672  7.20130  4.02396  3.50000  0.00000
462.61354  1274.38646  7.20107  4.02384  3.50000  0.00000
472.89402  1264.10598  7.20084  4.02370  3.50000  0.00000
483.17427  1253.82573  7.20060  4.02357  3.50000  0.00000
493.45460  1243.54540  7.20036  4.02344  3.50000  0.00000
503.73483  1233.26517  7.20012  4.02330  3.50000  0.00000
514.01513  1222.98487  7.19987  4.02316  3.50000  0.00000
524.29539  1212.70461  7.19961  4.02302  3.50000  0.00000
534.57564  1202.42436  7.19935  4.02288  3.50000  0.00000
544.85613  1192.14387  7.19909  4.02273  3.50000  0.00000
555.13648  1181.86352  7.19883  4.02258  3.50000  0.00000
565.41661  1171.58339  7.19856  4.02243  3.50000  0.00000
575.69705  1161.30295  7.19828  4.02227  3.50000  0.00000
585.97724  1151.02276  7.19800  4.02212  3.50000  0.00000
596.25757  1140.74243  7.19771  4.02196  3.50000  0.00000
606.53782  1130.46218  7.19742  4.02180  3.50000  0.00000
616.81811  1120.18189  7.19713  4.02163  3.50000  0.00000
627.09853  1109.90147  7.19682  4.02146  3.50000  0.00000
637.37884  1099.62116  7.19652  4.02129  3.50000  0.00000
647.65917  1089.34083  7.19620  4.02111  3.50000  0.00000
657.93943  1079.06057  7.19588  4.02094  3.50000  0.00000
668.21969  1068.78031  7.19556  4.02076  3.50000  0.00000
678.50001  1058.49999  7.19523  4.02057  3.50000  0.00000
688.78028  1048.21972  7.19489  4.02038  3.50000  0.00000
699.06054  1037.93946  7.19455  4.02019  3.50000  0.00000
709.34079  1027.65921  7.19420  4.01999  3.50000  0.00000
719.62122  1017.37878  7.19384  4.01979  3.50000  0.00000
729.90151  1007.09849  7.19347  4.01959  3.50000  0.00000
740.18182  996.81818  7.19310  4.01938  3.50000  0.00000
750.46226  986.53774  7.19272  4.01917  3.50000  0.00000
760.74237  976.25763  7.19233  4.01895  3.50000  0.00000
771.02269  965.97731  7.19193  4.01873  3.50000  0.00000
781.30296  955.69704  7.19153  4.01850  3.50000  0.00000
791.58340  945.41660  7.19111  4.01827  3.50000  0.00000
801.86359  935.13641  7.19069  4.01804  3.50000  0.00000
812.14393  924.85607  7.19026  4.01779  3.50000  0.00000
822.42432  914.57568  7.18982  4.01755  3.50000  0.00000
832.70464  904.29536  7.18937  4.01729  3.50000  0.00000
842.98489  894.01511  7.18890  4.01704  3.50000  0.00000
853.26504  883.73496  7.18843  4.01677  3.50000  0.00000
863.54546  873.45454  7.18795  4.01650  3.50000  0.00000
873.82579  863.17421  7.18745  4.01622  3.50000  0.00000
884.10610  852.89390  7.18695  4.01594  3.50000  0.00000
894.38637  842.61363  7.18643  4.01565  3.50000  0.00000
904.66669  832.33331  7.18590  4.01535  3.50000  0.00000
914.94701  822.05299  7.18535  4.01505  3.50000  0.00000
925.22725  811.77275  7.18479  4.01474  3.50000  0.00000
935.50764  801.49236  7.18422  4.01442  3.50000  0.00000
945.78796  791.21204  7.18363  4.01409  3.50000  0.00000
956.06815  780.93185  7.18303  4.01375  3.50000  0.00000
966.34844  770.65156  7.18241  4.01341  3.50000  0.00000
976.62877  760.37123  7.18178  4.01305  3.50000  0.00000
986.90908  750.09092  7.18112  4.01269  3.50000  0.00000
995.13340  741.86660  7.19036  4.01785  3.50000  0.00000
1003.35762  733.64238  7.18992  4.01761  3.50000  0.00000
1011.58177  725.41823  7.18948  4.01736  3.50000  0.00000
1019.80598  717.19402  7.18902  4.01710  3.50000  0.00000
1028.03027  708.96973  7.18855  4.01684  3.50000  0.00000
1036.25451  700.74549  7.18807  4.01657  3.50000  0.00000
1044.47879  692.52121  7.18757  4.01629  3.50000  0.00000
1052.70303  684.29697  7.18707  4.01601  3.50000  0.00000
1060.92724  676.07276  7.18655  4.01572  3.50000  0.00000
1069.15150  667.84850  7.18602  4.01543  3.50000  0.00000
1077.37572  659.62428  7.18548  4.01512  3.50000  0.00000
1085.59997  651.40003  7.18493  4.01481  3.50000  0.00000
1093.82421  643.17579  7.18436  4.01450  3.50000  0.00000
1102.04849  634.95151  7.18378  4.01417  3.50000  0.00000
1110.27267  626.72733  7.18318  4.01384  3.50000  0.00000
1117.12617  619.87383  7.19047  4.01791  3.50000  0.00000
1123.97973  613.02027  7.19003  4.01767  3.50000  0.00000
1130.83326  606.16674  7.18958  4.01742  3.50000  0.00000
1137.68687  599.31313  7.18913  4.01716  3.50000  0.00000
1144.54040  592.45960  7.18866  4.01690  3.50000  0.00000
1151.39392  585.60608  7.18818  4.01663  3.50000  0.00000
1158.24747  578.75253  7.18769  4.01636  3.50000  0.00000
1165.10096  571.89904  7.18719  4.01608  3.50000  0.00000
1171.95462  565.04538  7.18668  4.01579  3.50000  0.00000
1178.80810  558.19190  7.18615  4.01550  3.50000  0.00000
1185.66165  551.33835  7.18561  4.01520  3.50000  0.00000
1192.51512  544.48488  7.18506  4.01489  3.50000  0.00000
1198.38967  538.61033  7.19100  4.01821  3.50000  0.00000
1204.26411  532.73589  7.19057  4.01797  3.50000  0.00000
1210.13858  526.86142  7.19014  4.01773  3.50000  0.00000
1216.01293  520.98707  7.18969  4.01748  3.50000  0.00000
1221.88746  515.11254  7.18924  4.01722  3.50000  0.00000
1227.76182  509.23818  7.18877  4.01696  3.50000  0.00000
1233.63640  503.36360  7.18830  4.01670  3.50000  0.00000
1239.51090  497.48910  7.18781  4.01643  3.50000  0.00000
1245.38519  491.61481  7.18731  4.01615  3.50000  0.00000
1251.25976  485.74024  7.18680  4.01586  3.50000  0.00000
1257.13414  479.86586  7.18628  4.01557  3.50000  0.00000
1263.00863  473.99137  7.18575  4.01527  3.50000  0.00000
1268.88307  468.11693  7.18520  4.01497  3.50000  0.00000
1274.75754  462.24246  7.18463  4.01465  3.50000  0.00000
1279.89772  457.10228  7.18980  4.01754  3.50000  0.00000
1285.03786  451.96214  7.18935  4.01728  3.50000  0.00000
1290.17792  446.82208  7.18889  4.01703  3.50000  0.00000
1295.31807  441.68193  7.18841  4.01676  3.50000  0.00000
1300.45836  436.54164  7.18793  4.01649  3.50000  0.00000
1305.59849  431.40151  7.18744  4.01622  3.50000  0.00000
1310.73868  426.26132  7.18693  4.01593  3.50000  0.00000
1315.87877  421.12123  7.18641  4.01564  3.50000  0.00000
1320.44776  416.55224  7.19078  4.01808  3.50000  0.00000
1325.01682  411.98318  7.19035  4.01784  3.50000  0.00000
1329.58580  407.41420  7.18991  4.01760  3.50000  0.00000
1334.15485  402.84515  7.18946  4.01735  3.50000  0.00000
1338.72383  398.27617  7.18900  4.01709  3.50000  0.00000
1343.29301  393.70699  7.18853  4.01683  3.50000  0.00000
1347.86190  389.13810  7.18805  4.01656  3.50000  0.00000
1352.43106  384.56894  7.18755  4.01628  3.50000  0.00000
1356.99999  380.00001  7.18705  4.01600  3.50000  0.00000
1361.22220  375.77780  8.90000  4.94444  3.50000  0.00000
1365.44444  371.55556  8.94944  4.97191  3.50000  0.00000
1369.66660  367.33340  8.94887  4.97159  3.50000  0.00000
1373.88890  363.11110  8.94827  4.97126  3.50000  0.00000
1378.11105  358.88895  8.94768  4.97093  3.50000  0.00000
1382.33326  354.66674  8.94706  4.97059  3.50000  0.00000
1386.55556  350.44444  8.94643  4.97024  3.50000  0.00000
1390.77771  346.22229  8.94578  4.96988  3.50000  0.00000
1394.99999  342.00001  8.94512  4.96951  3.50000  0.00000
1399.22216  337.77784  8.94445  4.96914  3.50000  0.00000
1403.06058  333.93942  8.94886  4.97159  3.50000  0.00000
1406.89894  330.10106  8.94828  4.97126  3.50000  0.00000
1410.73731  326.26269  8.94767  4.97093  3.50000  0.00000
1414.57568  322.42432  8.94706  4.97059  3.50000  0.00000
1418.41408  318.58592  8.94643  4.97024  3.50000  0.00000
1422.25258  314.74742  8.94578  4.96988  3.50000  0.00000
1426.09093  310.90907  8.94512  4.96951  3.50000  0.00000
1429.92931  307.07069  8.94444  4.96914  3.50000  0.00000
1433.76770  303.23230  8.94375  4.96875  3.50000  0.00000
1437.60608  299.39392  8.94304  4.96835  3.50000  0.00000
1441.44444  295.55556  8.94231  4.96795  3.50000  0.00000
1444.69227  292.30773  8.95055  4.97253  3.50000  0.00000
1447.94017  289.05983  8.95000  4.97222  3.50000  0.00000
1451.18797  285.81203  8.94944  4.97191  3.50000  0.00000
1454.43594  282.56406  8.94886  4.97159  3.50000  0.00000
1457.68371  279.31629  8.94828  4.97127  3.50000  0.00000
1460.93163  276.06837  8.94767  4.97093  3.50000  0.00000
1464.17945  272.82055  8.94706  4.97059  3.50000  0.00000
1467.42736  269.57264  8.94643  4.97024  3.50000  0.00000
1470.67517  266.32483  8.94578  4.96988  3.50000  0.00000
1473.92308  263.07692  8.94512  4.96951  3.50000  0.00000
1477.17090  259.82910  8.94445  4.96914  3.50000  0.00000
1480.41881  256.58119  8.94375  4.96875  3.50000  0.00000
1483.66663  253.33337  8.94304  4.96836  3.50000  0.00000
1486.48144  250.51856  8.95000  4.97222  3.50000  0.00000
1489.29624  247.70376  8.94944  4.97191  3.50000  0.00000
1492.11108  244.88892  8.94886  4.97159  3.50000  0.00000
1494.92591  242.07409  8.94828  4.97126  3.50000  0.00000
1497.74075  239.25925  8.94767  4.97093  3.50000  0.00000
1500.55555  236.44445  8.94706  4.97059  3.50000  0.00000
1503.37038  233.62962  8.94643  4.97024  3.50000  0.00000
1506.18521  230.81479  8.94578  4.96988  3.50000  0.00000
1508.99997  228.00003  8.94512  4.96951  3.50000  0.00000
1511.81482  225.18518  8.94444  4.96914  3.50000  0.00000
1514.62960  222.37040  8.94375  4.96875  3.50000  0.00000
1517.44445  219.55555  8.94304  4.96835  3.50000  0.00000
1520.25928  216.74072  8.94231  4.96795  3.50000  0.00000
1523.07407  213.92593  8.94156  4.96753  3.50000  0.00000
1525.88893  211.11107  8.94079  4.96710  3.50000  0.00000
1528.11112  208.88888  8.95263  4.97368  3.50000  0.00000
1530.33336  206.66664  8.95213  4.97340  3.50000  0.00000
1532.55553  204.44447  8.95161  4.97312  3.50000  0.00000
1534.77782  202.22218  8.95109  4.97283  3.50000  0.00000
1537.00002  199.99998  8.95055  4.97253  3.50000  0.00000
1539.22229  197.77771  8.95000  4.97222  3.50000  0.00000
1541.44447  195.55553  8.94944  4.97191  3.50000  0.00000
1543.66662  193.33338  8.94887  4.97159  3.50000  0.00000
1545.88892  191.11108  8.94827  4.97126  3.50000  0.00000
1548.11110  188.88890  8.94767  4.97093  3.50000  0.00000
1550.33334  186.66666  8.94706  4.97059  3.50000  0.00000
1552.55552  184.44448  8.94643  4.97024  3.50000  0.00000
1554.77773  182.22227  8.94578  4.96988  3.50000  0.00000
1556.99997  180.00003  8.94512  4.96951  3.50000  0.00000
1559.22216  177.77784  8.94445  4.96914  3.50000  0.00000
1561.44446  175.55554  8.94375  4.96875  3.50000  0.00000
1563.66663  173.33337  8.94304  4.96835  3.50000  0.00000
1565.88894  171.11106  8.94230  4.96795  3.50000  0.00000
1568.11107  168.88893  8.94156  4.96753  3.50000  0.00000
1569.87036  167.12964  8.95312  4.97396  3.50000  0.00000
1571.62964  165.37036  8.95263  4.97368  3.50000  0.00000
1573.38894  163.61106  8.95213  4.97340  3.50000  0.00000
1575.14818  161.85182  8.95161  4.97312  3.50000  0.00000
1576.90731  160.09269  8.95109  4.97283  3.50000  0.00000
1578.66660  158.33340  8.95055  4.97253  3.50000  0.00000
1580.42592  156.57408  8.95000  4.97222  3.50000  0.00000
1582.18519  154.81481  8.94944  4.97191  3.50000  0.00000
1583.94444  153.05556  8.94886  4.97159  3.50000  0.00000
1585.70373  151.29627  8.94828  4.97126  3.50000  0.00000
1587.46298  149.53702  8.94768  4.97093  3.50000  0.00000
1589.22217  147.77783  8.94706  4.97059  3.50000  0.00000
1590.98144  146.01856  8.94643  4.97024  3.50000  0.00000
1592.74069  144.25931  8.94578  4.96988  3.50000  0.00000
1594.50002  142.49998  8.94512  4.96951  3.50000  0.00000
1596.25929  140.74071  8.94444  4.96913  3.50000  0.00000
1598.01857  138.98143  8.94375  4.96875  3.50000  0.00000
1599.77781  137.22219  8.94304  4.96835  3.50000  0.00000
1601.53710  135.46290  8.94231  4.96795  3.50000  0.00000
1603.29638  133.70362  8.94156  4.96753  3.50000  0.00000
1605.05556  131.94444  8.94079  4.96711  3.50000  0.00000
1606.81483  130.18517  8.94000  4.96667  3.50000  0.00000
1608.57411  128.42589  8.93919  4.96622  3.50000  0.00000
1610.33340  126.66660  8.93835  4.96575  3.50000  0.00000
1611.65283  125.34717  8.95312  4.97396  3.50000  0.00000
1612.97229  124.02771  8.95263  4.97368  3.50000  0.00000
1614.29177  122.70823  8.95213  4.97340  3.50000  0.00000
1615.61109  121.38891  8.95162  4.97312  3.50000  0.00000
1616.93054  120.06946  8.95109  4.97283  3.50000  0.00000
1618.25000  118.75000  8.95055  4.97253  3.50000  0.00000
1619.56946  117.43054  8.95000  4.97222  3.50000  0.00000
1620.88891  116.11109  8.94944  4.97191  3.50000  0.00000
1622.20835  114.79165  8.94886  4.97159  3.50000  0.00000
1623.52782  113.47218  8.94828  4.97126  3.50000  0.00000
1624.84729  112.15271  8.94767  4.97093  3.50000  0.00000
1626.16675  110.83325  8.94706  4.97059  3.50000  0.00000
1627.48607  109.51393  8.94643  4.97024  3.50000  0.00000
1628.80554  108.19446  8.94578  4.96988  3.50000  0.00000
1630.12500  106.87500  8.94512  4.96951  3.50000  0.00000
1631.44446  105.55554  8.94444  4.96914  3.50000  0.00000
1632.76392  104.23608  8.94375  4.96875  3.50000  0.00000
1634.08335  102.91665  8.94304  4.96836  3.50000  0.00000
1635.40285  101.59715  8.94231  4.96795  3.50000  0.00000
1636.72217  100.27783  8.94156  4.96754  3.50000  0.00000
1638.04163  98.95837  8.94079  4.96710  3.50000  0.00000
1639.36109  97.63891  8.94000  4.96667  3.50000  0.00000
1640.68055  96.31945  8.93919  4.96622  3.50000  0.00000
1641.99999  95.00001  8.93836  4.96575  3.50000  0.00000
1643.31945  93.68055  8.93750  4.96528  3.50000  0.00000
1644.63892  92.36108  8.93662  4.96479  3.50000  0.00000
1645.95836  91.04164  8.93572  4.96429  3.50000  0.00000
1647.27784  89.72216  8.93478  4.96377  3.50000  0.00000
1648.59717  88.40283  8.93383  4.96324  3.50000  0.00000
1649.91660  87.08340  8.93284  4.96269  3.50000  0.00000
1651.23609  85.76391  8.93182  4.96212  3.50000  0.00000
1652.55553  84.44447  8.93077  4.96154  3.50000  0.00000
1653.41723  83.58277  8.95408  4.97449  3.50000  0.00000
1654.27895  82.72105  8.95361  4.97423  3.50000  0.00000
1655.14062  81.85938  8.95312  4.97396  3.50000  0.00000
1656.00233  80.99767  8.95263  4.97368  3.50000  0.00000
1656.86391  80.13609  8.95213  4.97341  3.50000  0.00000
1657.72558  79.27442  8.95161  4.97312  3.50000  0.00000
1658.58728  78.41272  8.95109  4.97283  3.50000  0.00000
1659.44897  77.55103  8.95055  4.97253  3.50000  0.00000
1660.31068  76.68932  8.95000  4.97222  3.50000  0.00000
1661.17236  75.82764  8.94944  4.97191  3.50000  0.00000
1662.03406  74.96594  8.94886  4.97159  3.50000  0.00000
1662.89575  74.10425  8.94827  4.97126  3.50000  0.00000
1663.75732  73.24268  8.94768  4.97093  3.50000  0.00000
1664.61901  72.38099  8.94706  4.97059  3.50000  0.00000
1665.48071  71.51929  8.94643  4.97024  3.50000  0.00000
1666.34241  70.65759  8.94578  4.96988  3.50000  0.00000
1667.20410  69.79590  8.94512  4.96951  3.50000  0.00000
1668.06580  68.93420  8.94444  4.96913  3.50000  0.00000
1668.92749  68.07251  8.94375  4.96875  3.50000  0.00000
1669.78920  67.21080  8.94304  4.96835  3.50000  0.00000
1670.65076  66.34924  8.94232  4.96795  3.50000  0.00000
1671.51245  65.48755  8.94156  4.96753  3.50000  0.00000
1672.37416  64.62584  8.94079  4.96710  3.50000  0.00000
1673.23584  63.76416  8.94000  4.96667  3.50000  0.00000
1674.09753  62.90247  8.93919  4.96622  3.50000  0.00000
1674.95924  62.04076  8.93835  4.96575  3.50000  0.00000
1675.82091  61.17909  8.93750  4.96528  3.50000  0.00000
1676.68260  60.31740  8.93662  4.96479  3.50000  0.00000
1677.54420  59.45580  8.93572  4.96429  3.50000  0.00000
1678.40588  58.59412  8.93478  4.96377  3.50000  0.00000
1679.26758  57.73242  8.93382  4.96323  3.50000  0.00000
1680.12927  56.87073  8.93283  4.96269  3.50000  0.00000
1680.99096  56.00904  8.93182  4.96212  3.50000  0.00000
1681.85266  55.14734  8.93077  4.96154  3.50000  0.00000
1682.71434  54.28566  8.92969  4.96094  3.50000  0.00000
1683.57605  53.42395  8.92857  4.96032  3.50000  0.00000
1684.43762  52.56238  8.92743  4.95968  3.50000  0.00000
1685.29930  51.70070  8.92623  4.95902  3.50000  0.00000
1686.16101  50.83899  8.92500  4.95833  3.50000  0.00000
1687.02271  49.97729  8.92373  4.95763  3.50000  0.00000
1687.88440  49.11560  8.92241  4.95690  3.50000  0.00000
1688.74609  48.25391  8.92105  4.95614  3.50000  0.00000
1689.60779  47.39221  8.91964  4.95536  3.50000  0.00000
1690.46948  46.53052  8.91818  4.95455  3.50000  0.00000
1691.33105  45.66895  8.91668  4.95371  3.50000  0.00000
1692.19275  44.80725  8.91509  4.95283  3.50000  0.00000
1693.05445  43.94555  8.91346  4.95192  3.50000  0.00000
1693.91613  43.08387  8.91176  4.95098  3.50000  0.00000
1694.77784  42.22216  8.91000  4.95000  3.50000  0.00000
1694.87793  42.12207  8.98933  4.99407  3.50000  0.00000
1694.97791  42.02209  8.98932  4.99407  3.50000  0.00000
1695.07801  41.92199  8.98928  4.99404  3.50000  0.00000
1695.17809  41.82191  8.98926  4.99403  3.50000  0.00000
1695.27808  41.72192  8.98924  4.99402  3.50000  0.00000
1695.37818  41.62182  8.98920  4.99400  3.50000  0.00000
1695.47815  41.52185  8.98919  4.99399  3.50000  0.00000
1695.57825  41.42175  8.98915  4.99397  3.50000  0.00000
1695.67834  41.32166  8.98913  4.99396  3.50000  0.00000
1695.77832  41.22168  8.98911  4.99395  3.50000  0.00000
1695.87842  41.12158  8.98907  4.99393  3.50000  0.00000
1695.97852  41.02148  8.98905  4.99391  3.50000  0.00000
1696.07850  40.92150  8.98903  4.99391  3.50000  0.00000
1696.17859  40.82141  8.98899  4.99388  3.50000  0.00000
1696.27857  40.72143  8.98898  4.99388  3.50000  0.00000
1696.37866  40.62134  8.98894  4.99385  3.50000  0.00000
1696.47876  40.52124  8.98891  4.99384  3.50000  0.00000
1696.57874  40.42126  8.98890  4.99383  3.50000  0.00000
1696.67884  40.32116  8.98886  4.99381  3.50000  0.00000
1696.77893  40.22107  8.98883  4.99379  3.50000  0.00000
1696.87890  40.12110  8.98882  4.99379  3.50000  0.00000
1696.97900  40.02100  8.98877  4.99376  3.50000  0.00000
1697.07897  39.92103  8.98876  4.99376  3.50000  0.00000
1697.17907  39.82093  8.98872  4.99373  3.50000  0.00000
1697.27918  39.72082  8.98869  4.99372  3.50000  0.00000
1697.37915  39.62085  8.98867  4.99371  3.50000  0.00000
1697.47925  39.52075  8.98863  4.99368  3.50000  0.00000
1697.57935  39.42065  8.98860  4.99367  3.50000  0.00000
1697.67932  39.32068  8.98859  4.99366  3.50000  0.00000
1697.77942  39.22058  8.98854  4.99364  3.50000  0.00000
1697.87951  39.12049  8.98852  4.99362  3.50000  0.00000
1697.97949  39.02051  8.98850  4.99361  3.50000  0.00000
1698.07958  38.92042  8.98846  4.99359  3.50000  0.00000
1698.17956  38.82044  8.98844  4.99358  3.50000  0.00000
1698.27967  38.72033  8.98840  4.99355  3.50000  0.00000
1698.37976  38.62024  8.98837  4.99354  3.50000  0.00000
1698.47974  38.52026  8.98835  4.99353  3.50000  0.00000
1698.57983  38.42017  8.98831  4.99350  3.50000  0.00000
1698.67993  38.32007  8.98828  4.99349  3.50000  0.00000
1698.77990  38.22010  8.98826  4.99348  3.50000  0.00000
1698.88001  38.11999  8.98821  4.99345  3.50000  0.00000
1698.97998  38.02002  8.98820  4.99344  3.50000  0.00000
1699.08007  37.91993  8.98815  4.99342  3.50000  0.00000
1699.18018  37.81982  8.98812  4.99340  3.50000  0.00000
1699.28016  37.71984  8.98810  4.99339  3.50000  0.00000
1699.38024  37.61976  8.98806  4.99337  3.50000  0.00000
1699.48034  37.51966  8.98803  4.99335  3.50000  0.00000
1699.58032  37.41968  8.98801  4.99334  3.50000  0.00000
1699.68042  37.31958  8.98796  4.99331  3.50000  0.00000
1699.78052  37.21948  8.98793  4.99329  3.50000  0.00000
1699.88050  37.11950  8.98791  4.99328  3.50000  0.00000
1699.98059  37.01941  8.98787  4.99326  3.50000  0.00000
1700.08057  36.91943  8.98785  4.99325  3.50000  0.00000
1737.00000  0.00000  8.98785  4.99325  3.50000  0.00000
