     0.00000  1737.00000     1.00000     0.50000     2.60000    4500.00
     1.00000  1736.00000     1.00000     0.50000     2.60000    4500.00
     1.00000  1736.00000     5.50000     3.30000     2.76200    4500.00
    14.45000  1722.55005     5.50000     3.30000     2.76200    4500.00
    27.90000  1709.09998     5.50000     3.30000     2.76200    4500.00
    27.90000  1709.09998     8.00000     4.55000     3.39800    4500.00
    37.94468  1699.05530     8.00000     4.55000     3.39800    4500.00
    47.98936  1689.01062     8.00000     4.55000     3.39800    4500.00
    58.03404  1678.96594     8.00000     4.55000     3.39800    4500.00
    68.07872  1668.92126     8.00000     4.55000     3.39800    4500.00
    78.12341  1658.87659     8.00000     4.55000     3.39800    4500.00
    88.16808  1648.83191     8.00000     4.55000     3.39800    4500.00
    98.21277  1638.78723     8.00000     4.55000     3.39800    4500.00
   108.25745  1628.74255     8.00000     4.55000     3.39800    4500.00
   118.30212  1618.69788     8.00000     4.55000     3.39800    4500.00
   128.34680  1608.65320     8.00000     4.55000     3.39800    4500.00
   138.39149  1598.60852     8.00000     4.55000     3.39800    4500.00
   148.43617  1588.56384     8.00000     4.55000     3.39800    4500.00
   158.48085  1578.51917     8.00000     4.55000     3.39800    4500.00
   168.52553  1568.47449     8.00000     4.55000     3.39800    4500.00
   178.57021  1558.42981     8.00000     4.55000     3.39800    4500.00
   188.61488  1548.38513     8.00000     4.55000     3.39800    4500.00
   198.65958  1538.34045     8.00000     4.55000     3.39800    4500.00
   208.70424  1528.29578     8.00000     4.55000     3.39800    4500.00
   218.74893  1518.25110     8.00000     4.55000     3.39800    4500.00
   228.79361  1508.20630     8.00000     4.55000     3.39800    4500.00
   238.83830  1498.16162     8.00000     4.55000     3.39800    4500.00
   248.88298  1488.11707     8.00000     4.55000     3.39800    4500.00
   258.92764  1478.07227     8.00000     4.55000     3.39800    4500.00
   268.97235  1468.02759     8.00000     4.55000     3.39800    4500.00
   279.01703  1457.98291     8.00000     4.55000     3.39800    4500.00
   289.06171  1447.93823     8.00000     4.55000     3.39800    4500.00
   299.10638  1437.89355     8.00000     4.55000     3.39800    4500.00
   309.15106  1427.84888     8.00000     4.55000     3.39800    4500.00
   319.19574  1417.80420     8.00000     4.55000     3.39800    4500.00
   329.24042  1407.75952     8.00000     4.55000     3.39800    4500.00
   339.28513  1397.71484     8.00000     4.55000     3.39800    4500.00
   349.32977  1387.67017     8.00000     4.55000     3.39800    4500.00
   359.37445  1377.62549     8.00000     4.55000     3.39800    4500.00
   369.41916  1367.58081     8.00000     4.55000     3.39800    4500.00
   379.46384  1357.53613     8.00000     4.55000     3.39800    4500.00
   389.50848  1347.49146     8.00000     4.55000     3.39800    4500.00
   399.55322  1337.44678     8.00000     4.55000     3.39800    4500.00
   409.59787  1327.40210     8.00000     4.55000     3.39800    4500.00
   419.64255  1317.35742     8.00000     4.55000     3.39800    4500.00
   429.68723  1307.31274     8.00000     4.55000     3.39800    4500.00
   439.73190  1297.26807     8.00000     4.55000     3.39800    4500.00
   449.77661  1287.22339     8.00000     4.55000     3.39800    4500.00
   459.82129  1277.17871     8.00000     4.55000     3.39800    4500.00
   469.86597  1267.13403     8.00000     4.55000     3.39800    4500.00
   479.91064  1257.08936     8.00000     4.55000     3.39800    4500.00
   489.95529  1247.04468     8.00000     4.55000     3.39800    4500.00
   500.00000  1237.00000     8.00000     4.55000     3.39800    4500.00
   510.00000  1227.00000     8.00000     4.55000     3.39800    4500.00
   520.00000  1217.00000     8.00000     4.55000     3.39800    4500.00
   530.00000  1207.00000     8.00000     4.55000     3.39800    4500.00
   540.00000  1197.00000     8.00000     4.55000     3.39800    4500.00
   550.00000  1187.00000     8.00000     4.55000     3.39800    4500.00
   560.00000  1177.00000     8.00000     4.55000     3.39800    4500.00
   570.00000  1167.00000     8.00000     4.55000     3.39800    4500.00
   580.00000  1157.00000     8.00000     4.55000     3.39800    4500.00
   590.00000  1147.00000     8.00000     4.55000     3.39800    4500.00
   600.00000  1137.00000     8.00000     4.55000     3.39800    4500.00
   610.00000  1127.00000     8.00000     4.55000     3.39800    4500.00
   620.00000  1117.00000     8.00000     4.55000     3.39800    4500.00
   630.00000  1107.00000     8.00000     4.55000     3.39800    4500.00
   640.00000  1097.00000     8.00000     4.55000     3.39800    4500.00
   650.00000  1087.00000     8.00000     4.55000     3.39800    4500.00
   660.00000  1077.00000     8.00000     4.55000     3.39800    4500.00
   670.00000  1067.00000     8.00000     4.55000     3.39800    4500.00
   680.00000  1057.00000     8.00000     4.55000     3.39800    4500.00
   690.00000  1047.00000     8.00000     4.55000     3.39800    4500.00
   700.00000  1037.00000     8.00000     4.55000     3.39800    4500.00
   710.00000  1027.00000     8.00000     4.55000     3.39800    4500.00
   720.00000  1017.00000     8.00000     4.55000     3.39800    4500.00
   730.00000  1007.00000     8.00000     4.55000     3.39800    4500.00
   740.00000   997.00000     8.00000     4.55000     3.39800    4500.00
   750.00000   987.00000     8.00000     4.55000     3.39800    4500.00
   760.00000   977.00000     8.00000     4.55000     3.39800    4500.00
   770.00000   967.00000     8.00000     4.55000     3.39800    4500.00
   780.00000   957.00000     8.00000     4.55000     3.39800    4500.00
   790.00000   947.00000     8.00000     4.55000     3.39800    4500.00
   800.00000   937.00000     8.00000     4.55000     3.39800    4500.00
   810.00000   927.00000     8.00000     4.55000     3.39800    4500.00
   820.00000   917.00000     8.00000     4.55000     3.39800    4500.00
   830.00000   907.00000     8.00000     4.55000     3.39800    4500.00
   840.00000   897.00000     8.00000     4.55000     3.39800    4500.00
   850.00000   887.00000     8.00000     4.55000     3.39800    4500.00
   860.00000   877.00000     8.00000     4.55000     3.39800    4500.00
   870.00000   867.00000     8.00000     4.55000     3.39800    4500.00
   880.00000   857.00000     8.00000     4.55000     3.39800    4500.00
   890.00000   847.00000     8.00000     4.55000     3.39800    4500.00
   900.00000   837.00000     8.00000     4.55000     3.39800    4500.00
   910.00000   827.00000     8.00000     4.55000     3.39800    4500.00
   920.00000   817.00000     8.00000     4.55000     3.39800    4500.00
   930.00000   807.00000     8.00000     4.55000     3.39800    4500.00
   940.00000   797.00000     8.00000     4.55000     3.39800    4500.00
   950.00000   787.00000     8.00000     4.55000     3.39800    4500.00
   960.00000   777.00000     8.00000     4.55000     3.39800    4500.00
   970.00000   767.00000     8.00000     4.55000     3.39800    4500.00
   980.00000   757.00000     8.00000     4.55000     3.39800    4500.00
   990.00000   747.00000     8.00000     4.55000     3.39800    4500.00
  1000.00000   737.00000     8.00000     4.55000     3.39800    4500.00
  1010.09589   726.90411     8.00000     4.55000     3.39800    4500.00
  1020.19177   716.80823     8.00000     4.55000     3.39800    4500.00
  1030.28772   706.71234     8.00000     4.55000     3.39800    4500.00
  1040.38354   696.61646     8.00000     4.55000     3.39800    4500.00
  1050.47949   686.52057     8.00000     4.55000     3.39800    4500.00
  1060.57532   676.42468     8.00000     4.55000     3.39800    4500.00
  1070.67126   666.32874     8.00000     4.55000     3.39800    4500.00
  1080.76709   656.23291     8.00000     4.55000     3.39800    4500.00
  1090.86304   646.13696     8.00000     4.55000     3.39800    4500.00
  1100.95886   636.04108     8.00000     4.55000     3.39800    4500.00
  1111.05481   625.94519     8.00000     4.55000     3.39800    4500.00
  1121.15063   615.84930     8.00000     4.55000     3.39800    4500.00
  1131.24658   605.75342     8.00000     4.55000     3.39800    4500.00
  1141.34253   595.65753     8.00000     4.55000     3.39800    4500.00
  1151.43835   585.56165     8.00000     4.55000     3.39800    4500.00
  1161.53418   575.46576     8.00000     4.55000     3.39800    4500.00
  1171.63013   565.36987     8.00000     4.55000     3.39800    4500.00
  1181.72607   555.27399     8.00000     4.55000     3.39800    4500.00
  1191.82190   545.17810     8.00000     4.55000     3.39800    4500.00
  1201.91785   535.08221     8.00000     4.55000     3.39800    4500.00
  1212.01367   524.98633     8.00000     4.55000     3.39800    4500.00
  1222.10962   514.89038     8.00000     4.55000     3.39800    4500.00
  1232.20544   504.79453     8.00000     4.55000     3.39800    4500.00
  1242.30139   494.69861     8.00000     4.55000     3.39800    4500.00
  1252.39722   484.60272     8.00000     4.55000     3.39800    4500.00
  1262.49316   474.50684     8.00000     4.55000     3.39800    4500.00
  1272.58911   464.41095     8.00000     4.55000     3.39800    4500.00
  1282.68494   454.31506     8.00000     4.55000     3.39800    4500.00
  1292.78076   444.21918     8.00000     4.55000     3.39800    4500.00
  1302.87671   434.12329     8.00000     4.55000     3.39800    4500.00
  1312.97266   424.02740     8.00000     4.55000     3.39800    4500.00
  1323.06848   413.93152     8.00000     4.55000     3.39800    4500.00
  1333.16443   403.83560     8.00000     4.55000     3.39800    4500.00
  1343.26025   393.73972     8.00000     4.55000     3.39800    4500.00
  1353.35620   383.64383     8.00000     4.55000     3.39800    4500.00
  1363.45203   373.54794     8.00000     4.55000     3.39800    4500.00
  1373.54797   363.45206     8.00000     4.55000     3.39800    4500.00
  1383.64380   353.35617     8.00000     4.55000     3.39800    4500.00
  1393.73975   343.26028     8.00000     4.55000     3.39800    4500.00
  1403.83557   333.16440     8.00000     4.55000     3.39800    4500.00
  1413.93152   323.06848     8.00000     4.55000     3.39800    4500.00
  1424.02734   312.97260     8.00000     4.55000     3.39800    4500.00
  1434.12329   302.87671     8.00000     4.55000     3.39800    4500.00
  1444.21924   292.78082     8.00000     4.55000     3.39800    4500.00
  1454.31506   282.68494     8.00000     4.55000     3.39800    4500.00
  1464.41089   272.58905     8.00000     4.55000     3.39800    4500.00
  1474.50684   262.49316     8.00000     4.55000     3.39800    4500.00
  1484.60278   252.39725     8.00000     4.55000     3.39800    4500.00
  1494.69861   242.30136     8.00000     4.55000     3.39800    4500.00
  1504.79456   232.20547     8.00000     4.55000     3.39800    4500.00
  1514.89038   222.10962     8.00000     4.55000     3.39800    4500.00
  1524.98633   212.01367     8.00000     4.55000     3.39800    4500.00
  1535.08228   201.91779     8.00000     4.55000     3.39800    4500.00
  1545.17810   191.82190     8.00000     4.55000     3.39800    4500.00
  1555.27393   181.72601     8.00000     4.55000     3.39800    4500.00
  1565.36987   171.63013     8.00000     4.55000     3.39800    4500.00
  1575.46582   161.53424     8.00000     4.55000     3.39800    4500.00
  1585.56165   151.43835     8.00000     4.55000     3.39800    4500.00
  1595.65747   141.34247     8.00000     4.55000     3.39800    4500.00
  1605.75342   131.24658     8.00000     4.55000     3.39800    4500.00
  1615.84937   121.15070     8.00000     4.55000     3.39800    4500.00
  1625.94519   111.05481     8.00000     4.55000     3.39800    4500.00
  1636.04102   100.95892     8.00000     4.55000     3.39800    4500.00
  1646.13696    90.86304     8.00000     4.55000     3.39800    4500.00
  1656.23291    80.76715     8.00000     4.55000     3.39800    4500.00
  1666.32886    70.67120     8.00000     4.55000     3.39800    4500.00
  1676.42468    60.57532     8.00000     4.55000     3.39800    4500.00
  1686.52051    50.47943     8.00000     4.55000     3.39800    4500.00
  1696.61646    40.38354     8.00000     4.55000     3.39800    4500.00
  1706.71240    30.28766     8.00000     4.55000     3.39800    4500.00
  1716.80823    20.19177     8.00000     4.55000     3.39800    4500.00
  1726.90405    10.09589     8.00000     4.55000     3.39800    4500.00
  1737.00000     0.00000     8.00000     4.55000     3.39800    4500.00
