0.00 1737.00 1.00 0.50 2.6000 6750
0.90 1736.10 1.00 0.50 2.6000 6750
0.90 1736.10 3.20 1.80 2.7620 6750
10.00 1725.10 3.20 1.80 2.7620 6750
11.90 1725.10 3.20 1.80 2.7620 6750
11.90 1725.10 5.50 3.30 2.7620 6750
27.90 1709.10 5.50 3.30 2.7620 6750
27.90 1709.10 7.54 4.34 3.3120 6750
39.90 1697.10 7.55 4.34 3.3140 6750
65.30 1671.70 7.57 4.35 3.3180 9000
89.90 1647.10 7.59 4.36 3.3220 9000
109.90 1627.10 7.61 4.37 3.3250 9000
129.90 1607.10 7.63 4.38 3.3290 9000
149.90 1587.10 7.64 4.39 3.3320 9000
169.90 1567.10 7.66 4.40 3.3350 9000
189.90 1547.10 7.68 4.40 3.3380 9000
209.90 1527.10 7.69 4.41 3.3410 9000
235.00 1502.00 7.71 4.42 3.3440 9000
249.90 1487.10 7.72 4.43 3.3460 9000
275.30 1461.70 7.74 4.44 3.3500 3375
289.90 1447.10 7.75 4.44 3.3520 3375
309.90 1427.10 7.77 4.45 3.3550 3375
329.90 1407.10 7.78 4.45 3.3570 3375
349.90 1387.10 7.80 4.46 3.3600 3375
369.90 1367.10 7.81 4.47 3.3630 3375
389.90 1347.10 7.82 4.47 3.3650 3375
409.90 1327.10 7.84 4.48 3.3680 3375
429.90 1307.10 7.85 4.49 3.3700 3375
449.90 1287.10 7.86 4.49 3.3730 3375
469.90 1267.10 7.88 4.50 3.3750 3375
485.00 1252.00 7.88 4.50 3.3770 3375
505.30 1231.70 7.90 4.51 3.3790 1125
529.90 1207.10 7.91 4.51 3.3820 1125
549.90 1187.10 7.92 4.52 3.3840 1125
569.90 1167.10 7.94 4.53 3.3860 1125
589.90 1147.10 7.95 4.53 3.3880 1125
609.90 1127.10 7.96 4.54 3.3910 1125
629.90 1107.10 7.97 4.54 3.3930 1125
649.90 1087.10 7.98 4.54 3.3950 1125
669.90 1067.10 7.99 4.55 3.3970 1125
689.90 1047.10 8.00 4.55 3.3980 1125
709.90 1027.10 8.01 4.56 3.4000 1125
735.00 1002.00 8.02 4.56 3.4030 1125
749.90 987.10 8.03 4.57 3.4040 1125
775.30 961.70 8.04 4.57 3.4060 675
789.90 947.10 8.05 4.57 3.4080 675
809.90 927.10 8.06 4.58 3.4090 675
829.90 907.10 8.07 4.58 3.4110 675
849.90 887.10 8.08 4.58 3.4130 675
869.90 867.10 8.08 4.59 3.4140 675
889.90 847.10 8.09 4.59 3.4160 675
909.90 827.10 8.10 4.59 3.4170 675
929.90 807.10 8.11 4.60 3.4190 675
949.90 787.10 8.12 4.60 3.4200 675
969.90 767.10 8.12 4.60 3.4210 675
989.90 747.10 8.13 4.61 3.4230 675
1009.90 727.10 8.14 4.61 3.4240 675
1029.90 707.10 8.14 4.61 3.4250 675
1049.90 687.10 8.15 4.61 3.4270 675
1069.90 667.10 8.16 4.62 3.4280 675
1089.90 647.10 8.16 4.62 3.4290 675
1109.90 627.10 8.17 4.62 3.4300 675
1129.90 607.10 8.18 4.62 3.4310 675
1149.90 587.10 8.18 4.62 3.4330 675
1169.90 567.10 8.19 4.63 3.4340 675
1189.90 547.10 8.19 4.63 3.4350 675
1209.90 527.10 8.20 4.63 3.4360 675
1229.90 507.10 8.20 4.63 3.4370 675
1249.90 487.10 8.21 4.63 3.4380 675
1269.90 467.10 8.21 4.63 3.4380 675
1289.90 447.10 8.22 4.63 3.4390 675
1309.90 427.10 8.22 4.64 3.4400 675
1329.90 407.10 8.23 4.64 3.4410 675
1349.90 387.10 8.23 4.64 3.4420 675
1357.00 380.00 8.23 4.64 3.4420 675
1357.00 380.00 9.00 5.00 5.1710 10000
1737.00 0.00 9.00 5.00 5.1710 10000
