0.00 6371.00 5.8000 3.4600 3.6410 950
20.00 6351.00 5.8000 3.4600 3.5801 950
20.00 6351.00 6.5000 3.8500 3.5801 950
35.00 6336.00 6.5000 3.8500 3.5801 950
35.00 6336.00 8.0400 4.4800 3.5801 950
77.50 6293.50 8.0450 4.4900 3.5020 950
18.00 6353.00 8.0355 4.4839 3.6410 950
43.00 6328.00 8.0379 4.4856 3.5801 973
80.00 6291.00 8.0400 4.4800 3.5020 1009
80.00 6291.00 8.0450 4.4900 3.5020 182
120.00 6251.00 8.0505 4.5000 3.4268 183
120.00 6251.00 8.0505 4.5000 3.4268 183
165.00 6206.00 8.1750 4.5090 3.3711 189
210.00 6161.00 8.3007 4.5184 3.3243 201
210.00 6161.00 8.3007 4.5184 3.3243 338
260.00 6111.00 8.4822 4.6094 3.3663 346
310.00 6061.00 8.6650 4.6964 3.4110 356
360.00 6011.00 8.8476 4.7832 3.4577 366
410.00 5961.00 9.0302 4.8702 3.5068 378
410.00 5961.00 9.3601 5.0806 3.9317 414
460.00 5911.00 9.5280 5.1864 3.9273 417
510.00 5861.00 9.6962 5.2922 3.9233 420
560.00 5811.00 9.8640 5.3989 3.9218 423
610.00 5761.00 10.0320 5.5047 3.9206 426
660.00 5711.00 10.2000 5.6104 3.9201 429
660.00 5711.00 10.7909 5.9607 4.2387 1351
710.00 5661.00 10.9222 6.0898 4.2986 1311
760.00 5611.00 11.0553 6.2100 4.3565 1278
809.50 5561.50 11.1355 6.2424 4.4118 1269
859.00 5512.00 11.2228 6.2799 4.4650 1261
908.50 5462.50 11.3068 6.3164 4.5162 1252
958.00 5413.00 11.3897 6.3519 4.5654 1243
1007.50 5363.50 11.4704 6.3860 4.5926 1235
1057.00 5314.00 11.5493 6.4182 4.6198 1227
1106.50 5264.50 11.6265 6.4514 4.6467 1218
1156.00 5215.00 11.7020 6.4822 4.6735 1210
1205.50 5165.50 11.7768 6.5131 4.7001 1202
1255.00 5116.00 11.8491 6.5431 4.7266 1194
1304.50 5066.50 11.9208 6.5728 4.7528 1186
1354.00 5017.00 11.9891 6.6009 4.7790 1178
1403.50 4967.50 12.0571 6.6285 4.8050 1171
1453.00 4918.00 12.1247 6.6554 4.8307 1163
1502.50 4868.50 12.1912 6.6813 4.8562 1156
1552.00 4819.00 12.2558 6.7070 4.8817 1149
1601.50 4769.50 12.3181 6.7323 4.9069 1141
1651.00 4720.00 12.3813 6.7579 4.9321 1134
1700.50 4670.50 12.4427 6.7820 4.9570 1127
1750.00 4621.00 12.5030 6.8056 4.9817 1120
1799.50 4571.50 12.5638 6.8289 5.0062 1109
1849.00 4522.00 12.6226 6.8517 5.0306 1097
1898.50 4472.50 12.6807 6.8743 5.0548 1086
1948.00 4423.00 12.7384 6.8972 5.0789 1070
1997.50 4373.50 12.7956 6.9194 5.1027 1064
2047.00 4324.00 12.8524 6.9416 5.1264 1058
2096.50 4274.50 12.9093 6.9625 5.1499 1048
2146.00 4225.00 12.9663 6.9852 5.1732 1042
2195.50 4175.50 13.0226 7.0069 5.1963 1032
2245.00 4126.00 13.0786 7.0286 5.2192 1018
2294.50 4076.50 13.1337 7.0504 5.2420 1009
2344.00 4027.00 13.1895 7.0722 5.2646 999
2393.50 3977.50 13.2465 7.0932 5.2870 991
2443.00 3928.00 13.3017 7.1144 5.3092 986
2492.50 3878.50 13.3584 7.1368 5.3313 977
2542.00 3829.00 13.4156 7.1584 5.3531 968
2591.50 3779.50 13.4741 7.1804 5.3748 960
2640.00 3731.00 13.5311 7.2031 5.3962 952
2690.00 3681.00 13.5899 7.2253 5.4176 941
2740.00 3631.00 13.6498 7.2485 5.4387 933
2740.00 3631.00 13.6498 7.2485 5.6934 723
2789.67 3581.33 13.6533 7.2593 5.7196 727
2839.33 3531.67 13.6570 7.2700 5.7458 725
2891.50 3479.50 13.6601 7.2817 5.7721 723
2891.50 3479.50 8.0000 0.0000 9.9145 57822
2939.33 3431.67 8.0382 0.0000 9.9942 57822
2989.66 3381.34 8.1283 0.0000 10.0722 57822
3039.99 3331.01 8.2213 0.0000 10.1485 57822
3090.32 3280.68 8.3122 0.0000 10.2233 57822
3140.66 3230.34 8.4001 0.0000 10.2964 57822
3190.99 3180.01 8.4861 0.0000 10.3679 57822
3241.32 3129.68 8.5692 0.0000 10.4378 57822
3291.65 3079.35 8.6496 0.0000 10.5062 57822
3341.98 3029.02 8.7283 0.0000 10.5731 57822
3392.31 2978.69 8.8036 0.0000 10.6385 57822
3442.64 2928.36 8.8761 0.0000 10.7023 57822
3492.97 2878.03 8.9461 0.0000 10.7647 57822
3543.30 2827.70 9.0138 0.0000 10.8257 57822
3593.64 2777.36 9.0792 0.0000 10.8852 57822
3643.97 2727.03 9.1426 0.0000 10.9434 57822
3694.30 2676.70 9.2042 0.0000 11.0001 57822
3744.63 2626.37 9.2634 0.0000 11.0555 57822
3794.96 2576.04 9.3205 0.0000 11.1095 57822
3845.29 2525.71 9.3760 0.0000 11.1623 57822
3895.62 2475.38 9.4297 0.0000 11.2137 57822
3945.95 2425.05 9.4814 0.0000 11.2639 57822
3996.28 2374.72 9.5306 0.0000 11.3127 57822
4046.62 2324.38 9.5777 0.0000 11.3604 57822
4096.95 2274.05 9.6232 0.0000 11.4069 57822
4147.28 2223.72 9.6673 0.0000 11.4521 57822
4197.61 2173.39 9.7100 0.0000 11.4962 57822
4247.94 2123.06 9.7513 0.0000 11.5391 57822
4298.27 2072.73 9.7914 0.0000 11.5809 57822
4348.60 2022.40 9.8304 0.0000 11.6216 57822
4398.93 1972.07 9.8682 0.0000 11.6612 57822
4449.26 1921.74 9.9051 0.0000 11.6998 57822
4499.60 1871.40 9.9410 0.0000 11.7373 57822
4549.93 1821.07 9.9761 0.0000 11.7737 57822
4600.26 1770.74 10.0103 0.0000 11.8092 57822
4650.59 1720.41 10.0439 0.0000 11.8437 57822
4700.92 1670.08 10.0768 0.0000 11.8772 57822
4751.25 1619.75 10.1095 0.0000 11.9098 57822
4801.58 1569.42 10.1415 0.0000 11.9414 57822
4851.91 1519.09 10.1739 0.0000 11.9722 57822
4902.24 1468.76 10.2049 0.0000 12.0001 57822
4952.58 1418.42 10.2329 0.0000 12.0311 57822
5002.91 1368.09 10.2565 0.0000 12.0593 57822
5053.24 1317.76 10.2745 0.0000 12.0867 57822
5103.57 1267.43 10.2854 0.0000 12.1133 57822
5153.50 1217.50 10.2890 0.0000 12.1391 57822
5153.50 1217.50 11.0427 3.5043 12.7037 633
5204.61 1166.39 11.0585 3.5187 12.7289 630
5255.32 1115.68 11.0718 3.5314 12.7530 627
5306.04 1064.96 11.0850 3.5435 12.7760 624
5356.75 1014.25 11.0983 3.5551 12.7980 622
5407.46 963.54 11.1166 3.5661 12.8188 620
5458.17 912.83 11.1316 3.5765 12.8387 618
5508.89 862.11 11.1457 3.5864 12.8574 616
5559.60 811.40 11.1590 3.5957 12.8751 614
5610.31 760.69 11.1715 3.6044 12.8917 613
5661.02 709.98 11.1832 3.6126 12.9072 611
5711.74 659.26 11.1941 3.6202 12.9217 610
5762.45 608.55 11.2041 3.6272 12.9351 608
5813.16 557.84 11.2134 3.6337 12.9474 607
5863.87 507.13 11.2219 3.6396 12.9586 606
5914.59 456.41 11.2295 3.6450 12.9688 605
5965.30 405.70 11.2364 3.6498 12.9779 604
6016.01 354.99 11.2424 3.6540 12.9859 604
6066.72 304.28 11.2477 3.6577 12.9929 603
6117.44 253.56 11.2521 3.6608 12.9988 602
6168.15 202.85 11.2557 3.6633 13.0036 602
6218.86 152.14 11.2586 3.6653 13.0074 602
6269.57 101.43 11.2606 3.6667 13.0100 601
6320.29 50.71 11.2618 3.6675 13.0117 601
6371.00 0.00 11.2622 3.6678 13.0122 601
