0.00 6370.00 5.80 3.20 2.6000 180
15.00 6355.00 5.80 3.20 2.6000 180
15.00 6355.00 6.80 3.90 2.9000 322
24.40 6345.60 6.80 3.90 2.9000 322
24.40 6345.60 8.11 4.49 3.3808 322
220.00 6150.00 7.99 4.42 3.3595 322
220.00 6150.00 8.56 4.64 3.4358 322
400.00 5970.00 8.91 4.77 3.5433 322
400.00 5970.00 9.13 4.93 3.7238 322
600.00 5770.00 10.16 5.52 3.9758 322
670.00 5700.00 10.27 5.57 3.9921 702
670.00 5700.00 10.75 5.95 4.3807 702
771.00 5599.00 11.07 6.24 4.4432 702
871.00 5499.00 11.24 6.31 4.5037 702
971.00 5399.00 11.42 6.38 4.5631 702
1071.00 5299.00 11.58 6.44 4.6213 702
1171.00 5199.00 11.73 6.50 4.6784 702
1271.00 5099.00 11.88 6.56 4.7346 702
1371.00 4999.00 12.02 6.62 4.7898 702
1471.00 4899.00 12.16 6.67 4.8442 702
1571.00 4799.00 12.29 6.73 4.8978 702
1671.00 4699.00 12.42 6.78 4.9507 702
1771.00 4599.00 12.54 6.83 5.0030 702
1871.00 4499.00 12.67 6.87 5.0547 702
1971.00 4399.00 12.78 6.92 5.1059 702
2071.00 4299.00 12.90 6.97 5.1567 702
2271.00 4099.00 13.13 7.06 5.2573 702
2471.00 3899.00 13.36 7.14 5.3571 702
2571.00 3799.00 13.48 7.19 5.4068 2000
2671.00 3699.00 13.60 7.23 5.4566 2000
2741.00 3629.00 13.68 7.27 5.4914 2000
2879.00 3491.00 13.71 7.26 5.5656 2000
2879.00 3491.00 13.71 7.26 5.5656 2000
2889.00 3481.00 13.71 7.26 5.5656 2000
2889.00 3481.00 13.71 7.26 5.5656 2000
2891.00 3479.00 13.71 7.26 5.5665 2000
2891.00 3479.00 8.06 0.00 9.9035 10000
2971.00 3399.00 8.20 0.00 10.0294 10000
3071.00 3299.00 8.36 0.00 10.1813 10000
3171.00 3199.00 8.51 0.00 10.3273 10000
3271.00 3099.00 8.66 0.00 10.4673 10000
3371.00 2999.00 8.80 0.00 10.6015 10000
3471.00 2899.00 8.93 0.00 10.7301 10000
3571.00 2799.00 9.05 0.00 10.8532 10000
3671.00 2699.00 9.17 0.00 10.9709 10000
3771.00 2599.00 9.28 0.00 11.0834 10000
3871.00 2499.00 9.38 0.00 11.1907 10000
3971.00 2399.00 9.48 0.00 11.2930 10000
4071.00 2299.00 9.58 0.00 11.3904 10000
4171.00 2199.00 9.67 0.00 11.4831 10000
4271.00 2099.00 9.75 0.00 11.5712 10000
4371.00 1999.00 9.84 0.00 11.6548 10000
4471.00 1899.00 9.91 0.00 11.7340 10000
4571.00 1799.00 9.99 0.00 11.8090 10000
4671.00 1699.00 10.06 0.00 11.8799 10000
4771.00 1599.00 10.12 0.00 11.9468 10000
4871.00 1499.00 10.19 0.00 12.0099 10000
4971.00 1399.00 10.25 0.00 12.0692 10000
5071.00 1299.00 10.31 0.00 12.1250 10000
5149.00 1221.00 10.36 0.00 12.1663 10000
5149.00 1221.00 11.03 3.50 12.7636 10000
5171.00 1199.00 11.04 3.51 12.7749 10000
5271.00 1099.00 11.07 3.54 12.8250 10000
5371.00 999.00 11.11 3.56 12.8707 10000
5471.00 899.00 11.14 3.58 12.9121 10000
5571.00 799.00 11.16 3.60 12.9491 10000
5671.00 699.00 11.19 3.61 12.9818 10000
5771.00 599.00 11.21 3.63 13.0101 10000
5971.00 399.00 11.24 3.65 13.0536 10000
6370.00 0.00 11.26 3.66 13.0798 10000
