0.00 1737.00 3.20 1.80 2.9500 6000
11.40 1725.60 3.20 1.80 2.9500 6000
11.40 1725.60 5.50 3.30 2.9500 6000
27.40 1709.60 5.50 3.30 2.9500 6000
27.40 1709.60 7.59 4.36 2.9500 6000
89.40 1647.60 7.59 4.36 2.9500 6000
189.40 1547.60 7.68 4.40 3.4100 6000
289.40 1447.60 7.75 4.44 3.4100 6000
389.40 1347.60 7.82 4.47 3.4100 6000
484.50 1252.50 7.88 4.50 3.4100 1500
589.40 1147.60 7.95 4.53 3.4100 1500
734.50 1002.50 8.02 4.56 3.4100 1500
789.40 947.60 8.05 4.57 3.4100 1500
849.40 887.60 8.07 4.58 3.4100 1500
909.40 827.60 8.10 4.59 3.4100 1500
969.40 767.60 8.12 4.60 3.4100 1500
1049.40 687.60 8.15 4.61 3.4100 1500
1149.40 587.60 8.18 4.62 3.4100 500
1269.40 467.60 8.21 4.63 3.4100 500
1357.00 380.00 8.23 4.64 3.4100 500
1357.00 380.00 8.23 0.00 3.4100 500
1737.00 0.00 8.23 0.00 3.4100 500
