0.00 6371.00 5.8000 3.3600 3.0000 4000
20.00 6351.00 5.8000 3.3600 3.0000 4000
20.00 6351.00 6.5000 3.7500 3.0000 4000
35.00 6336.00 6.5000 3.7500 3.0000 4000
35.00 6336.00 8.0400 4.4700 3.0000 4000
40.00 6331.00 8.0406 4.4718 3.0000 4000
45.00 6326.00 8.0412 4.4735 3.0000 4000
50.00 6321.00 8.0418 4.4753 3.0000 4000
60.00 6311.00 8.0429 4.4788 3.0000 4000
70.00 6301.00 8.0441 4.4824 3.0000 4000
80.00 6291.00 8.0453 4.4859 3.0000 4000
90.00 6281.00 8.0465 4.4894 3.0000 4000
100.00 6271.00 8.0476 4.4929 3.0000 4000
110.00 6261.00 8.0488 4.4965 3.0000 4000
120.00 6251.00 8.0500 4.5000 3.0000 4000
120.00 6251.00 8.0500 4.5000 3.0000 4000
130.00 6241.00 8.0778 4.5020 3.0000 4000
140.00 6231.00 8.1056 4.5040 3.0000 4000
150.00 6221.00 8.1333 4.5060 3.0000 4000
160.00 6211.00 8.1611 4.5080 3.0000 4000
170.00 6201.00 8.1889 4.5100 3.0000 4000
180.00 6191.00 8.2167 4.5120 3.0000 4000
190.00 6181.00 8.2444 4.5140 3.0000 4000
200.00 6171.00 8.2722 4.5160 3.0000 4000
210.00 6161.00 8.3000 4.5180 3.0000 4000
210.00 6161.00 8.3000 4.5220 3.0000 4000
220.00 6151.00 8.3365 4.5394 3.0000 4000
230.00 6141.00 8.3730 4.5568 3.0000 4000
240.00 6131.00 8.4095 4.5742 3.0000 4000
250.00 6121.00 8.4460 4.5916 3.0000 4000
260.00 6111.00 8.4825 4.6090 3.0000 4000
270.00 6101.00 8.5190 4.6264 3.0000 4000
280.00 6091.00 8.5555 4.6438 3.0000 4000
290.00 6081.00 8.5920 4.6612 3.0000 4000
300.00 6071.00 8.6285 4.6786 3.0000 4000
310.00 6061.00 8.6650 4.6960 3.0000 4000
320.00 6051.00 8.7015 4.7134 3.0000 4000
330.00 6041.00 8.7380 4.7308 3.0000 4000
340.00 6031.00 8.7745 4.7482 3.0000 4000
350.00 6021.00 8.8110 4.7656 3.0000 4000
360.00 6011.00 8.8475 4.7830 3.0000 4000
370.00 6001.00 8.8840 4.8004 3.0000 4000
380.00 5991.00 8.9205 4.8178 3.0000 4000
390.00 5981.00 8.9570 4.8352 3.0000 4000
400.00 5971.00 8.9935 4.8526 3.0000 4000
410.00 5961.00 9.0300 4.8700 3.0000 4000
410.00 5961.00 9.3600 5.0700 3.0000 4000
420.00 5951.00 9.3936 5.0912 3.0000 4000
430.00 5941.00 9.4272 5.1124 3.0000 4000
440.00 5931.00 9.4608 5.1336 3.0000 4000
450.00 5921.00 9.4944 5.1548 3.0000 4000
460.00 5911.00 9.5280 5.1760 3.0000 4000
470.00 5901.00 9.5616 5.1972 3.0000 4000
480.00 5891.00 9.5952 5.2184 3.0000 4000
490.00 5881.00 9.6288 5.2396 3.0000 4000
500.00 5871.00 9.6624 5.2608 3.0000 4000
510.00 5861.00 9.6960 5.2820 3.0000 4000
520.00 5851.00 9.7296 5.3032 3.0000 4000
530.00 5841.00 9.7632 5.3244 3.0000 4000
540.00 5831.00 9.7968 5.3456 3.0000 4000
550.00 5821.00 9.8304 5.3668 3.0000 4000
560.00 5811.00 9.8640 5.3880 3.0000 4000
570.00 5801.00 9.8976 5.4092 3.0000 4000
580.00 5791.00 9.9312 5.4304 3.0000 4000
590.00 5781.00 9.9648 5.4516 3.0000 4000
600.00 5771.00 9.9984 5.4728 3.0000 4000
610.00 5761.00 10.0320 5.4940 3.0000 4000
620.00 5751.00 10.0656 5.5152 3.0000 4000
630.00 5741.00 10.0992 5.5364 3.0000 4000
640.00 5731.00 10.1328 5.5576 3.0000 4000
650.00 5721.00 10.1664 5.5788 3.0000 4000
660.00 5711.00 10.2000 5.6000 3.0000 4000
660.00 5711.00 10.7900 5.9500 3.0000 4000
670.00 5701.00 10.8166 5.9759 3.0000 4000
680.00 5691.00 10.8432 6.0019 3.0000 4000
690.00 5681.00 10.8697 6.0278 3.0000 4000
700.00 5671.00 10.8963 6.0538 3.0000 4000
710.00 5661.00 10.9229 6.0797 3.0000 4000
720.00 5651.00 10.9495 6.1057 3.0000 4000
730.00 5641.00 10.9761 6.1316 3.0000 4000
740.00 5631.00 11.0026 6.1576 3.0000 4000
750.00 5621.00 11.0292 6.1835 3.0000 4000
760.00 5611.00 11.0558 6.2095 3.0000 4000
760.00 5611.00 11.0558 6.2095 3.0000 4000
770.00 5601.00 11.0738 6.2172 3.0000 4000
780.00 5591.00 11.0917 6.2249 3.0000 4000
790.00 5581.00 11.1095 6.2326 3.0000 4000
800.00 5571.00 11.1272 6.2402 3.0000 4000
900.00 5471.00 11.2997 6.3138 3.0000 4000
1000.00 5371.00 11.4640 6.3833 3.0000 4000
1100.00 5271.00 11.6208 6.4489 3.0000 4000
1200.00 5171.00 11.7707 6.5110 3.0000 4000
1300.00 5071.00 11.9142 6.5700 3.0000 4000
1400.00 4971.00 12.0521 6.6260 3.0000 4000
1500.00 4871.00 12.1849 6.6796 3.0000 4000
2000.00 4371.00 12.7944 6.9210 3.0000 4000
2500.00 3871.00 13.3697 7.1484 3.0000 4000
2700.00 3671.00 13.6076 7.2445 3.0000 4000
2740.00 3631.00 13.6564 7.2645 3.0000 4000
2740.00 3631.00 13.6564 7.2645 3.0000 4000
2750.00 3621.00 13.6587 7.2670 3.0000 4000
2800.00 3571.00 13.6703 7.2794 3.0000 4000
2850.00 3521.00 13.6818 7.2918 3.0000 4000
2889.00 3482.00 13.6908 7.3015 3.0000 4000
2889.00 3482.00 8.0088 0.0000 3.0000 4000
2900.00 3471.00 8.0280 0.0000 3.0000 4000
3000.00 3371.00 8.1995 0.0000 3.0000 4000
3100.00 3271.00 8.3642 0.0000 3.0000 4000
3200.00 3171.00 8.5222 0.0000 3.0000 4000
3300.00 3071.00 8.6735 0.0000 3.0000 4000
3400.00 2971.00 8.8180 0.0000 3.0000 4000
3500.00 2871.00 8.9558 0.0000 3.0000 4000
4000.00 2371.00 9.5437 0.0000 3.0000 4000
4500.00 1871.00 9.9633 0.0000 3.0000 4000
5153.90 1217.10 10.2578 0.0000 3.0000 4000
5153.90 1217.10 11.0914 3.4385 3.0000 4000
5500.00 871.00 11.1644 3.5000 3.0000 4000
6000.00 371.00 11.2270 3.5528 3.0000 4000
6371.00 0.00 11.2409 3.5645 3.0000 4000
