0.00 1737.10 1.00 0.50 2.6000
1.00 1736.10 1.00 0.50 2.6000
1.00 1736.10 3.20 1.80 2.7620
12.00 1725.10 3.20 1.80 2.7620
12.00 1725.10 5.50 3.30 2.7620
28.00 1709.10 5.50 3.30 2.7620
28.00 1709.10 7.54 4.34 3.3120
40.00 1697.10 7.55 4.34 3.3140
65.40 1671.70 7.57 4.35 3.3180
90.00 1647.10 7.59 4.36 3.3220
110.00 1627.10 7.61 4.37 3.3250
130.00 1607.10 7.63 4.38 3.3290
150.00 1587.10 7.64 4.39 3.3320
170.00 1567.10 7.66 4.40 3.3350
190.00 1547.10 7.68 4.40 3.3380
210.00 1527.10 7.69 4.41 3.3410
235.10 1502.00 7.71 4.42 3.3440
250.00 1487.10 7.72 4.43 3.3460
275.40 1461.70 7.74 4.44 3.3500
290.00 1447.10 7.75 4.44 3.3520
310.00 1427.10 7.77 4.45 3.3550
330.00 1407.10 7.78 4.45 3.3570
350.00 1387.10 7.80 4.46 3.3600
370.00 1367.10 7.81 4.47 3.3630
390.00 1347.10 7.82 4.47 3.3650
410.00 1327.10 7.84 4.48 3.3680
430.00 1307.10 7.85 4.49 3.3700
450.00 1287.10 7.86 4.49 3.3730
470.00 1267.10 7.88 4.50 3.3750
485.10 1252.00 7.88 4.50 3.3770
505.40 1231.70 7.90 4.51 3.3790
530.00 1207.10 7.91 4.51 3.3820
550.00 1187.10 7.92 4.52 3.3840
570.00 1167.10 7.94 4.53 3.3860
590.00 1147.10 7.95 4.53 3.3880
610.00 1127.10 7.96 4.54 3.3910
630.00 1107.10 7.97 4.54 3.3930
650.00 1087.10 7.98 4.54 3.3950
670.00 1067.10 7.99 4.55 3.3970
690.00 1047.10 8.00 4.55 3.3980
710.00 1027.10 8.01 4.56 3.4000
735.10 1002.00 8.02 4.56 3.4030
750.00 987.10 8.03 4.57 3.4040
775.40 961.70 8.04 4.57 3.4060
790.00 947.10 8.05 4.57 3.4080
810.00 927.10 8.06 4.58 3.4090
830.00 907.10 8.07 4.58 3.4110
850.00 887.10 8.08 4.58 3.4130
870.00 867.10 8.08 4.59 3.4140
890.00 847.10 8.09 4.59 3.4160
910.00 827.10 8.10 4.59 3.4170
930.00 807.10 8.11 4.60 3.4190
950.00 787.10 8.12 4.60 3.4200
970.00 767.10 8.12 4.60 3.4210
990.00 747.10 8.13 4.61 3.4230
1010.00 727.10 8.14 4.61 3.4240
1030.00 707.10 8.14 4.61 3.4250
1050.00 687.10 8.15 4.61 3.4270
1070.00 667.10 8.16 4.62 3.4280
1090.00 647.10 8.16 4.62 3.4290
1110.00 627.10 8.17 4.62 3.4300
1130.00 607.10 8.18 4.62 3.4310
1150.00 587.10 8.18 4.62 3.4330
1170.00 567.10 8.19 4.63 3.4340
1190.00 547.10 8.19 4.63 3.4350
1210.00 527.10 8.20 4.63 3.4360
1230.00 507.10 8.20 4.63 3.4370
1250.00 487.10 8.21 4.63 3.4380
1270.00 467.10 8.21 4.63 3.4380
1290.00 447.10 8.22 4.63 3.4390
1310.00 427.10 8.22 4.64 3.4400
1330.00 407.10 8.23 4.64 3.4410
1350.00 387.10 8.23 4.64 3.4420
1357.10 380.00 8.23 4.64 3.4420
1357.10 380.00 4.30 2.30 5.1710
1737.10 0.00 4.30 2.30 5.1710
