0.00 1737.00 1.00 0.50 2.6000
1.00 1736.00 1.00 0.50 2.6000
1.00 1736.00 3.20 1.80 2.7000
15.00 1722.00 3.20 1.80 2.7000
15.00 1722.00 5.50 3.20 2.8000
40.00 1697.00 5.50 3.20 2.8000
40.00 1697.00 7.70 4.40 3.3000
238.00 1499.00 7.70 4.40 3.3000
238.00 1499.00 7.80 4.40 3.4000
488.00 1249.00 7.80 4.40 3.4000
488.00 1249.00 7.60 4.40 3.4000
738.00 999.00 7.60 4.40 3.4000
738.00 999.00 8.50 4.50 3.4000
1257.00 480.00 8.50 4.50 3.4000
1257.00 480.00 7.50 3.20 3.4000
1407.00 330.00 7.50 3.20 3.4000
1407.00 330.00 4.10 0.00 5.1000
1497.00 240.00 4.10 0.00 5.1000
1497.00 240.00 4.30 2.30 8.0000
1737.00 0.00 4.30 2.30 8.0000
