     0.00000  1737.00000     7.54000     4.34000     3.31200     500.00
    10.04046  1726.95959     7.54000     4.34000     3.31200     500.00
    20.08092  1716.91907     7.54000     4.34000     3.31200     500.00
    30.12139  1706.87866     7.54000     4.34000     3.31200     500.00
    40.16185  1696.83813     7.54000     4.34000     3.31200     500.00
    50.20231  1686.79773     7.54000     4.34000     3.31200     500.00
    60.24277  1676.75720     7.54000     4.34000     3.31200     500.00
    70.28323  1666.71680     7.54000     4.34000     3.31200     500.00
    80.32370  1656.67627     7.54000     4.34000     3.31200     500.00
    90.36416  1646.63586     7.54000     4.34000     3.31200     500.00
   100.40462  1636.59534     7.54000     4.34000     3.31200     500.00
   110.44508  1626.55493     7.54000     4.34000     3.31200     500.00
   120.48555  1616.51440     7.54000     4.34000     3.31200     500.00
   130.52602  1606.47400     7.54000     4.34000     3.31200     500.00
   140.56647  1596.43359     7.54000     4.34000     3.31200     500.00
   150.60693  1586.39307     7.54000     4.34000     3.31200     500.00
   160.64740  1576.35254     7.54000     4.34000     3.31200     500.00
   170.68787  1566.31213     7.54000     4.34000     3.31200     500.00
   180.72832  1556.27173     7.54000     4.34000     3.31200     500.00
   190.76878  1546.23120     7.54000     4.34000     3.31200     500.00
   200.80925  1536.19080     7.54000     4.34000     3.31200     500.00
   210.84972  1526.15027     7.54000     4.34000     3.31200     500.00
   220.89017  1516.10986     7.54000     4.34000     3.31200     500.00
   230.93063  1506.06934     7.54000     4.34000     3.31200     500.00
   240.97110  1496.02893     7.54000     4.34000     3.31200     500.00
   251.01157  1485.98840     7.54000     4.34000     3.31200     500.00
   261.05203  1475.94800     7.54000     4.34000     3.31200     500.00
   271.09250  1465.90747     7.54000     4.34000     3.31200     500.00
   281.13293  1455.86707     7.54000     4.34000     3.31200     500.00
   291.17340  1445.82666     7.54000     4.34000     3.31200     500.00
   301.21387  1435.78613     7.54000     4.34000     3.31200     500.00
   311.25433  1425.74561     7.54000     4.34000     3.31200     500.00
   321.29480  1415.70520     7.54000     4.34000     3.31200     500.00
   331.33527  1405.66479     7.54000     4.34000     3.31200     500.00
   341.37573  1395.62427     7.54000     4.34000     3.31200     500.00
   351.41620  1385.58374     7.54000     4.34000     3.31200     500.00
   361.45663  1375.54333     7.54000     4.34000     3.31200     500.00
   371.49710  1365.50293     7.54000     4.34000     3.31200     500.00
   381.53757  1355.46240     7.54000     4.34000     3.31200     500.00
   391.57803  1345.42200     7.54000     4.34000     3.31200     500.00
   401.61850  1335.38147     7.54000     4.34000     3.31200     500.00
   411.65897  1325.34106     7.54000     4.34000     3.31200     500.00
   421.69943  1315.30054     7.54000     4.34000     3.31200     500.00
   431.73990  1305.26013     7.54000     4.34000     3.31200     500.00
   441.78033  1295.21973     7.54000     4.34000     3.31200     500.00
   451.82080  1285.17920     7.54000     4.34000     3.31200     500.00
   461.86127  1275.13867     7.54000     4.34000     3.31200     500.00
   471.90173  1265.09827     7.54000     4.34000     3.31200     500.00
   481.94220  1255.05786     7.54000     4.34000     3.31200     500.00
   491.98267  1245.01733     7.54000     4.34000     3.31200     500.00
   502.02313  1234.97681     7.54000     4.34000     3.31200     500.00
   512.06360  1224.93640     7.54000     4.34000     3.31200     500.00
   522.10406  1214.89600     7.54000     4.34000     3.31200     500.00
   532.14453  1204.85547     7.54000     4.34000     3.31200     500.00
   542.18500  1194.81494     7.54000     4.34000     3.31200     500.00
   552.22546  1184.77454     7.54000     4.34000     3.31200     500.00
   562.26587  1174.73413     7.54000     4.34000     3.31200     500.00
   572.30634  1164.69360     7.54000     4.34000     3.31200     500.00
   582.34680  1154.65320     7.54000     4.34000     3.31200     500.00
   592.38727  1144.61279     7.54000     4.34000     3.31200     500.00
   602.42773  1134.57227     7.54000     4.34000     3.31200     500.00
   612.46820  1124.53174     7.54000     4.34000     3.31200     500.00
   622.50867  1114.49133     7.54000     4.34000     3.31200     500.00
   632.54913  1104.45093     7.54000     4.34000     3.31200     500.00
   642.58960  1094.41040     7.54000     4.34000     3.31200     500.00
   652.63007  1084.36987     7.54000     4.34000     3.31200     500.00
   662.67053  1074.32947     7.54000     4.34000     3.31200     500.00
   672.71100  1064.28906     7.54000     4.34000     3.31200     500.00
   682.75146  1054.24854     7.54000     4.34000     3.31200     500.00
   692.79193  1044.20801     7.54000     4.34000     3.31200     500.00
   702.83240  1034.16760     7.54000     4.34000     3.31200     500.00
   712.87280  1024.12720     7.54000     4.34000     3.31200     500.00
   722.91327  1014.08673     7.54000     4.34000     3.31200     500.00
   732.95374  1004.04626     7.54000     4.34000     3.31200     500.00
   742.99420   994.00580     7.54000     4.34000     3.31200     500.00
   753.03467   983.96533     7.54000     4.34000     3.31200     500.00
   763.07513   973.92487     7.54000     4.34000     3.31200     500.00
   773.11560   963.88440     7.54000     4.34000     3.31200     500.00
   783.15607   953.84393     7.54000     4.34000     3.31200     500.00
   793.19653   943.80347     7.54000     4.34000     3.31200     500.00
   803.23700   933.76300     7.54000     4.34000     3.31200     500.00
   813.27747   923.72253     7.54000     4.34000     3.31200     500.00
   823.31793   913.68207     7.54000     4.34000     3.31200     500.00
   833.35840   903.64160     7.54000     4.34000     3.31200     500.00
   843.39886   893.60114     7.54000     4.34000     3.31200     500.00
   853.43933   883.56067     7.54000     4.34000     3.31200     500.00
   863.47980   873.52020     7.54000     4.34000     3.31200     500.00
   873.52020   863.47980     7.54000     4.34000     3.31200     500.00
   883.56067   853.43933     7.54000     4.34000     3.31200     500.00
   893.60114   843.39886     7.54000     4.34000     3.31200     500.00
   903.64160   833.35840     7.54000     4.34000     3.31200     500.00
   913.68207   823.31793     7.54000     4.34000     3.31200     500.00
   923.72253   813.27747     7.54000     4.34000     3.31200     500.00
   933.76300   803.23700     7.54000     4.34000     3.31200     500.00
   943.80347   793.19653     7.54000     4.34000     3.31200     500.00
   953.84393   783.15607     7.54000     4.34000     3.31200     500.00
   963.88440   773.11560     7.54000     4.34000     3.31200     500.00
   973.92487   763.07513     7.54000     4.34000     3.31200     500.00
   983.96533   753.03467     7.54000     4.34000     3.31200     500.00
   994.00580   742.99420     7.54000     4.34000     3.31200     500.00
  1004.04626   732.95374     7.54000     4.34000     3.31200     500.00
  1014.08673   722.91327     7.54000     4.34000     3.31200     500.00
  1024.12720   712.87280     7.54000     4.34000     3.31200     500.00
  1034.16760   702.83240     7.54000     4.34000     3.31200     500.00
  1044.20813   692.79187     7.54000     4.34000     3.31200     500.00
  1054.24854   682.75146     7.54000     4.34000     3.31200     500.00
  1064.28906   672.71094     7.54000     4.34000     3.31200     500.00
  1074.32947   662.67053     7.54000     4.34000     3.31200     500.00
  1084.37000   652.63000     7.54000     4.34000     3.31200     500.00
  1094.41040   642.58960     7.54000     4.34000     3.31200     500.00
  1104.45093   632.54907     7.54000     4.34000     3.31200     500.00
  1114.49133   622.50867     7.54000     4.34000     3.31200     500.00
  1124.53174   612.46826     7.54000     4.34000     3.31200     500.00
  1134.57227   602.42773     7.54000     4.34000     3.31200     500.00
  1144.61267   592.38733     7.54000     4.34000     3.31200     500.00
  1154.65320   582.34680     7.54000     4.34000     3.31200     500.00
  1164.69360   572.30640     7.54000     4.34000     3.31200     500.00
  1174.73413   562.26587     7.54000     4.34000     3.31200     500.00
  1184.77454   552.22546     7.54000     4.34000     3.31200     500.00
  1194.81506   542.18494     7.54000     4.34000     3.31200     500.00
  1204.85547   532.14453     7.54000     4.34000     3.31200     500.00
  1214.89600   522.10400     7.54000     4.34000     3.31200     500.00
  1224.93640   512.06360     7.54000     4.34000     3.31200     500.00
  1234.97693   502.02307     7.54000     4.34000     3.31200     500.00
  1245.01733   491.98267     7.54000     4.34000     3.31200     500.00
  1255.05786   481.94214     7.54000     4.34000     3.31200     500.00
  1265.09827   471.90173     7.54000     4.34000     3.31200     500.00
  1275.13867   461.86133     7.54000     4.34000     3.31200     500.00
  1285.17920   451.82080     7.54000     4.34000     3.31200     500.00
  1295.21960   441.78040     7.54000     4.34000     3.31200     500.00
  1305.26013   431.73987     7.54000     4.34000     3.31200     500.00
  1315.30054   421.69946     7.54000     4.34000     3.31200     500.00
  1325.34106   411.65894     7.54000     4.34000     3.31200     500.00
  1335.38147   401.61853     7.54000     4.34000     3.31200     500.00
  1345.42200   391.57800     7.54000     4.34000     3.31200     500.00
  1355.46240   381.53760     7.54000     4.34000     3.31200     500.00
  1365.50293   371.49707     7.54000     4.34000     3.31200     500.00
  1375.54333   361.45667     7.54000     4.34000     3.31200     500.00
  1385.58386   351.41614     7.54000     4.34000     3.31200     500.00
  1395.62427   341.37573     7.54000     4.34000     3.31200     500.00
  1405.66479   331.33521     7.54000     4.34000     3.31200     500.00
  1415.70520   321.29480     7.54000     4.34000     3.31200     500.00
  1425.74561   311.25439     7.54000     4.34000     3.31200     500.00
  1435.78613   301.21387     7.54000     4.34000     3.31200     500.00
  1445.82654   291.17346     7.54000     4.34000     3.31200     500.00
  1455.86707   281.13293     7.54000     4.34000     3.31200     500.00
  1465.90747   271.09253     7.54000     4.34000     3.31200     500.00
  1475.94800   261.05200     7.54000     4.34000     3.31200     500.00
  1485.98840   251.01160     7.54000     4.34000     3.31200     500.00
  1496.02893   240.97107     7.54000     4.34000     3.31200     500.00
  1506.06934   230.93066     7.54000     4.34000     3.31200     500.00
  1516.10986   220.89014     7.54000     4.34000     3.31200     500.00
  1526.15027   210.84973     7.54000     4.34000     3.31200     500.00
  1536.19080   200.80920     7.54000     4.34000     3.31200     500.00
  1546.23120   190.76880     7.54000     4.34000     3.31200     500.00
  1556.27173   180.72827     7.54000     4.34000     3.31200     500.00
  1566.31213   170.68787     7.54000     4.34000     3.31200     500.00
  1576.35266   160.64734     7.54000     4.34000     3.31200     500.00
  1586.39307   150.60693     7.54000     4.34000     3.31200     500.00
  1596.43347   140.56653     7.54000     4.34000     3.31200     500.00
  1606.47400   130.52600     7.54000     4.34000     3.31200     500.00
  1616.51440   120.48560     7.54000     4.34000     3.31200     500.00
  1626.55493   110.44507     7.54000     4.34000     3.31200     500.00
  1636.59534   100.40466     7.54000     4.34000     3.31200     500.00
  1646.63586    90.36414     7.54000     4.34000     3.31200     500.00
  1656.67627    80.32373     7.54000     4.34000     3.31200     500.00
  1666.71680    70.28320     7.54000     4.34000     3.31200     500.00
  1676.75720    60.24280     7.54000     4.34000     3.31200     500.00
  1686.79773    50.20227     7.54000     4.34000     3.31200     500.00
  1696.83813    40.16187     7.54000     4.34000     3.31200     500.00
  1706.87866    30.12134     7.54000     4.34000     3.31200     500.00
  1716.91907    20.08093     7.54000     4.34000     3.31200     500.00
  1726.95959    10.04041     7.54000     4.34000     3.31200     500.00
  1737.00000     0.00000     7.54000     4.34000     3.31200     500.00
