     0.00000  1737.00000     7.23000     4.04000     3.44200    4750.00
    10.05185  1726.94812     7.23000     4.04000     3.44200    4750.00
    20.10370  1716.89624     7.23000     4.04000     3.44200    4750.00
    30.15556  1706.84448     7.23000     4.04000     3.44200    4750.00
    40.20741  1696.79260     7.23000     4.04000     3.44200    4750.00
    50.25926  1686.74072     7.23000     4.04000     3.44200    4750.00
    60.31111  1676.68884     7.23000     4.04000     3.44200    4750.00
    70.36296  1666.63708     7.23000     4.04000     3.44200    4750.00
    80.41482  1656.58521     7.23000     4.04000     3.44200    4750.00
    90.46667  1646.53333     7.23000     4.04000     3.44200    4750.00
   100.51852  1636.48145     7.23000     4.04000     3.44200    4750.00
   110.57037  1626.42969     7.23000     4.04000     3.44200    4750.00
   120.62222  1616.37781     7.23000     4.04000     3.44200    4750.00
   130.67407  1606.32593     7.23000     4.04000     3.44200    4750.00
   140.72592  1596.27405     7.23000     4.04000     3.44200    4750.00
   150.77777  1586.22217     7.23000     4.04000     3.44200    4750.00
   160.82964  1576.17041     7.23000     4.04000     3.44200    4750.00
   170.88148  1566.11853     7.23000     4.04000     3.44200    4750.00
   180.93333  1556.06665     7.23000     4.04000     3.44200    4750.00
   190.98518  1546.01477     7.23000     4.04000     3.44200    4750.00
   201.03703  1535.96301     7.23000     4.04000     3.44200    4750.00
   211.08888  1525.91113     7.23000     4.04000     3.44200    4750.00
   221.14075  1515.85925     7.23000     4.04000     3.44200    4750.00
   231.19260  1505.80737     7.23000     4.04000     3.44200    4750.00
   241.24445  1495.75562     7.23000     4.04000     3.44200    4750.00
   251.29630  1485.70374     7.23000     4.04000     3.44200    4750.00
   261.34814  1475.65186     7.23000     4.04000     3.44200    4750.00
   271.39999  1465.59998     7.23000     4.04000     3.44200    4750.00
   281.45184  1455.54810     7.23000     4.04000     3.44200    4750.00
   291.50369  1445.49634     7.23000     4.04000     3.44200    4750.00
   301.55554  1435.44446     7.23000     4.04000     3.44200    4750.00
   311.60742  1425.39258     7.23000     4.04000     3.44200    4750.00
   321.65927  1415.34070     7.23000     4.04000     3.44200    4750.00
   331.71112  1405.28882     7.23000     4.04000     3.44200    4750.00
   341.76297  1395.23706     7.23000     4.04000     3.44200    4750.00
   351.81482  1385.18518     7.23000     4.04000     3.44200    4750.00
   361.86667  1375.13330     7.23000     4.04000     3.44200    4750.00
   371.91852  1365.08154     7.23000     4.04000     3.44200    4750.00
   381.97037  1355.02966     7.23000     4.04000     3.44200    4750.00
   392.02222  1344.97778     7.23000     4.04000     3.44200    4750.00
   402.07407  1334.92590     7.23000     4.04000     3.44200    4750.00
   412.12592  1324.87402     7.23000     4.04000     3.44200    4750.00
   422.17776  1314.82227     7.23000     4.04000     3.44200    4750.00
   432.22964  1304.77039     7.23000     4.04000     3.44200    4750.00
   442.28149  1294.71851     7.23000     4.04000     3.44200    4750.00
   452.33334  1284.66663     7.23000     4.04000     3.44200    4750.00
   462.38519  1274.61475     7.23000     4.04000     3.44200    4750.00
   472.43704  1264.56299     7.23000     4.04000     3.44200    4750.00
   482.48889  1254.51111     7.23000     4.04000     3.44200    4750.00
   492.54074  1244.45923     7.23000     4.04000     3.44200    4750.00
   502.59259  1234.40747     7.23000     4.04000     3.44200    4750.00
   512.64447  1224.35547     7.23000     4.04000     3.44200    4750.00
   522.69629  1214.30371     7.23000     4.04000     3.44200    4750.00
   532.74817  1204.25183     7.23000     4.04000     3.44200    4750.00
   542.79999  1194.19995     7.23000     4.04000     3.44200    4750.00
   552.85187  1184.14819     7.23000     4.04000     3.44200    4750.00
   562.90369  1174.09631     7.23000     4.04000     3.44200    4750.00
   572.95557  1164.04443     7.23000     4.04000     3.44200    4750.00
   583.00739  1153.99268     7.23000     4.04000     3.44200    4750.00
   593.05927  1143.94067     7.23000     4.04000     3.44200    4750.00
   603.11108  1133.88892     7.23000     4.04000     3.44200    4750.00
   613.16296  1123.83704     7.23000     4.04000     3.44200    4750.00
   623.21484  1113.78516     7.23000     4.04000     3.44200    4750.00
   633.26666  1103.73340     7.23000     4.04000     3.44200    4750.00
   643.31854  1093.68140     7.23000     4.04000     3.44200    4750.00
   653.37036  1083.62964     7.23000     4.04000     3.44200    4750.00
   663.42224  1073.57776     7.23000     4.04000     3.44200    4750.00
   673.47406  1063.52588     7.23000     4.04000     3.44200    4750.00
   683.52594  1053.47412     7.23000     4.04000     3.44200    4750.00
   693.57776  1043.42224     7.23000     4.04000     3.44200    4750.00
   703.62964  1033.37036     7.23000     4.04000     3.44200    4750.00
   713.68146  1023.31854     7.23000     4.04000     3.44200    4750.00
   723.73334  1013.26666     7.23000     4.04000     3.44200    4750.00
   733.78516  1003.21484     7.23000     4.04000     3.44200    4750.00
   743.83704   993.16296     7.23000     4.04000     3.44200    4750.00
   753.88892   983.11108     7.23000     4.04000     3.44200    4750.00
   763.94073   973.05927     7.23000     4.04000     3.44200    4750.00
   773.99261   963.00739     7.23000     4.04000     3.44200    4750.00
   784.04443   952.95557     7.23000     4.04000     3.44200    4750.00
   794.09631   942.90369     7.23000     4.04000     3.44200    4750.00
   804.14813   932.85187     7.23000     4.04000     3.44200    4750.00
   814.20001   922.79999     7.23000     4.04000     3.44200    4750.00
   824.25183   912.74817     7.23000     4.04000     3.44200    4750.00
   834.30371   902.69629     7.23000     4.04000     3.44200    4750.00
   844.35553   892.64447     7.23000     4.04000     3.44200    4750.00
   854.40741   882.59259     7.23000     4.04000     3.44200    4750.00
   864.45929   872.54071     7.23000     4.04000     3.44200    4750.00
   874.51111   862.48889     7.23000     4.04000     3.44200    4750.00
   884.56299   852.43701     7.23000     4.04000     3.44200    4750.00
   894.61481   842.38519     7.23000     4.04000     3.44200    4750.00
   904.66669   832.33331     7.23000     4.04000     3.44200    4750.00
   914.71851   822.28149     7.23000     4.04000     3.44200    4750.00
   924.77039   812.22961     7.23000     4.04000     3.44200    4750.00
   934.82220   802.17780     7.23000     4.04000     3.44200    4750.00
   944.87408   792.12592     7.23000     4.04000     3.44200    4750.00
   954.92590   782.07410     7.23000     4.04000     3.44200    4750.00
   964.97778   772.02222     7.23000     4.04000     3.44200    4750.00
   975.02960   761.97040     7.23000     4.04000     3.44200    4750.00
   985.08148   751.91852     7.23000     4.04000     3.44200    4750.00
   995.13336   741.86664     7.23000     4.04000     3.44200    4750.00
  1005.18518   731.81482     7.23000     4.04000     3.44200    4750.00
  1015.23706   721.76294     7.23000     4.04000     3.44200    4750.00
  1025.28894   711.71106     7.23000     4.04000     3.44200    4750.00
  1035.34070   701.65930     7.23000     4.04000     3.44200    4750.00
  1045.39258   691.60742     7.23000     4.04000     3.44200    4750.00
  1055.44446   681.55554     7.23000     4.04000     3.44200    4750.00
  1065.49634   671.50366     7.23000     4.04000     3.44200    4750.00
  1075.54810   661.45190     7.23000     4.04000     3.44200    4750.00
  1085.59998   651.40002     7.23000     4.04000     3.44200    4750.00
  1095.65186   641.34814     7.23000     4.04000     3.44200    4750.00
  1105.70374   631.29626     7.23000     4.04000     3.44200    4750.00
  1115.75562   621.24438     7.23000     4.04000     3.44200    4750.00
  1125.80737   611.19263     7.23000     4.04000     3.44200    4750.00
  1135.85925   601.14075     7.23000     4.04000     3.44200    4750.00
  1145.91113   591.08887     7.23000     4.04000     3.44200    4750.00
  1155.96301   581.03699     7.23000     4.04000     3.44200    4750.00
  1166.01477   570.98523     7.23000     4.04000     3.44200    4750.00
  1176.06665   560.93335     7.23000     4.04000     3.44200    4750.00
  1186.11853   550.88147     7.23000     4.04000     3.44200    4750.00
  1196.17041   540.82959     7.23000     4.04000     3.44200    4750.00
  1206.22217   530.77783     7.23000     4.04000     3.44200    4750.00
  1216.27405   520.72595     7.23000     4.04000     3.44200    4750.00
  1226.32593   510.67407     7.23000     4.04000     3.44200    4750.00
  1236.37781   500.62219     7.23000     4.04000     3.44200    4750.00
  1246.42969   490.57031     7.23000     4.04000     3.44200    4750.00
  1256.48145   480.51855     7.23000     4.04000     3.44200    4750.00
  1266.53333   470.46667     7.23000     4.04000     3.44200    4750.00
  1276.58521   460.41479     7.23000     4.04000     3.44200    4750.00
  1286.63708   450.36292     7.23000     4.04000     3.44200    4750.00
  1296.68884   440.31116     7.23000     4.04000     3.44200    4750.00
  1306.74072   430.25928     7.23000     4.04000     3.44200    4750.00
  1316.79260   420.20740     7.23000     4.04000     3.44200    4750.00
  1326.84448   410.15552     7.23000     4.04000     3.44200    4750.00
  1336.89624   400.10376     7.23000     4.04000     3.44200    4750.00
  1346.94812   390.05188     7.23000     4.04000     3.44200    4750.00
  1357.00000   380.00000     7.23000     4.04000     3.44200    4750.00
  1357.00000   380.00000     9.00000     5.00000     5.17100    6000.00
  1367.00000   370.00000     9.00000     5.00000     5.17100    6000.00
  1377.00000   360.00000     9.00000     5.00000     5.17100    6000.00
  1387.00000   350.00000     9.00000     5.00000     5.17100    6000.00
  1397.00000   340.00000     9.00000     5.00000     5.17100    6000.00
  1407.00000   330.00000     9.00000     5.00000     5.17100    6000.00
  1417.00000   320.00000     9.00000     5.00000     5.17100    6000.00
  1427.00000   310.00000     9.00000     5.00000     5.17100    6000.00
  1437.00000   300.00000     9.00000     5.00000     5.17100    6000.00
  1447.00000   290.00000     9.00000     5.00000     5.17100    6000.00
  1457.00000   280.00000     9.00000     5.00000     5.17100    6000.00
  1467.00000   270.00000     9.00000     5.00000     5.17100    6000.00
  1477.00000   260.00000     9.00000     5.00000     5.17100    6000.00
  1487.00000   250.00000     9.00000     5.00000     5.17100    6000.00
  1497.00000   240.00000     9.00000     5.00000     5.17100    6000.00
  1507.00000   230.00000     9.00000     5.00000     5.17100    6000.00
  1517.00000   220.00000     9.00000     5.00000     5.17100    6000.00
  1527.00000   210.00000     9.00000     5.00000     5.17100    6000.00
  1537.00000   200.00000     9.00000     5.00000     5.17100    6000.00
  1547.00000   190.00000     9.00000     5.00000     5.17100    6000.00
  1557.00000   180.00000     9.00000     5.00000     5.17100    6000.00
  1567.00000   170.00000     9.00000     5.00000     5.17100    6000.00
  1577.00000   160.00000     9.00000     5.00000     5.17100    6000.00
  1587.00000   150.00000     9.00000     5.00000     5.17100    6000.00
  1597.00000   140.00000     9.00000     5.00000     5.17100    6000.00
  1607.00000   130.00000     9.00000     5.00000     5.17100    6000.00
  1617.00000   120.00000     9.00000     5.00000     5.17100    6000.00
  1627.00000   110.00000     9.00000     5.00000     5.17100    6000.00
  1637.00000   100.00000     9.00000     5.00000     5.17100    6000.00
  1647.00000    90.00000     9.00000     5.00000     5.17100    6000.00
  1657.00000    80.00000     9.00000     5.00000     5.17100    6000.00
  1667.00000    70.00000     9.00000     5.00000     5.17100    6000.00
  1677.00000    60.00000     9.00000     5.00000     5.17100    6000.00
  1687.00000    50.00000     9.00000     5.00000     5.17100    6000.00
  1697.00000    40.00000     9.00000     5.00000     5.17100    6000.00
  1707.00000    30.00000     9.00000     5.00000     5.17100    6000.00
  1717.00000    20.00000     9.00000     5.00000     5.17100    6000.00
  1727.00000    10.00000     9.00000     5.00000     5.17100    6000.00
  1737.00000     0.00000     9.00000     5.00000     5.17100    6000.00
