     0.00000  1737.00000     8.00000     4.55000     3.39800    4500.00
    10.00000  1727.00000     8.00000     4.55000     3.39800    4500.00
    20.00000  1717.00000     8.00000     4.55000     3.39800    4500.00
    30.00000  1707.00000     8.00000     4.55000     3.39800    4500.00
    40.00000  1697.00000     8.00000     4.55000     3.39800    4500.00
    50.00000  1687.00000     8.00000     4.55000     3.39800    4500.00
    60.00000  1677.00000     8.00000     4.55000     3.39800    4500.00
    70.00000  1667.00000     8.00000     4.55000     3.39800    4500.00
    80.00000  1657.00000     8.00000     4.55000     3.39800    4500.00
    90.00000  1647.00000     8.00000     4.55000     3.39800    4500.00
   100.00000  1637.00000     8.00000     4.55000     3.39800    4500.00
   110.00000  1627.00000     8.00000     4.55000     3.39800    4500.00
   120.00000  1617.00000     8.00000     4.55000     3.39800    4500.00
   130.00000  1607.00000     8.00000     4.55000     3.39800    4500.00
   140.00000  1597.00000     8.00000     4.55000     3.39800    4500.00
   150.00000  1587.00000     8.00000     4.55000     3.39800    4500.00
   160.00000  1577.00000     8.00000     4.55000     3.39800    4500.00
   170.00000  1567.00000     8.00000     4.55000     3.39800    4500.00
   180.00000  1557.00000     8.00000     4.55000     3.39800    4500.00
   190.00000  1547.00000     8.00000     4.55000     3.39800    4500.00
   200.00000  1537.00000     8.00000     4.55000     3.39800    4500.00
   210.00000  1527.00000     8.00000     4.55000     3.39800    4500.00
   220.00000  1517.00000     8.00000     4.55000     3.39800    4500.00
   230.00000  1507.00000     8.00000     4.55000     3.39800    4500.00
   240.00000  1497.00000     8.00000     4.55000     3.39800    4500.00
   250.00000  1487.00000     8.00000     4.55000     3.39800    4500.00
   260.00000  1477.00000     8.00000     4.55000     3.39800    4500.00
   270.00000  1467.00000     8.00000     4.55000     3.39800    4500.00
   280.00000  1457.00000     8.00000     4.55000     3.39800    4500.00
   290.00000  1447.00000     8.00000     4.55000     3.39800    4500.00
   300.00000  1437.00000     8.00000     4.55000     3.39800    4500.00
   310.00000  1427.00000     8.00000     4.55000     3.39800    4500.00
   320.00000  1417.00000     8.00000     4.55000     3.39800    4500.00
   330.00000  1407.00000     8.00000     4.55000     3.39800    4500.00
   340.00000  1397.00000     8.00000     4.55000     3.39800    4500.00
   350.00000  1387.00000     8.00000     4.55000     3.39800    4500.00
   360.00000  1377.00000     8.00000     4.55000     3.39800    4500.00
   370.00000  1367.00000     8.00000     4.55000     3.39800    4500.00
   380.00000  1357.00000     8.00000     4.55000     3.39800    4500.00
   390.00000  1347.00000     8.00000     4.55000     3.39800    4500.00
   400.00000  1337.00000     8.00000     4.55000     3.39800    4500.00
   410.00000  1327.00000     8.00000     4.55000     3.39800    4500.00
   420.00000  1317.00000     8.00000     4.55000     3.39800    4500.00
   430.00000  1307.00000     8.00000     4.55000     3.39800    4500.00
   440.00000  1297.00000     8.00000     4.55000     3.39800    4500.00
   450.00000  1287.00000     8.00000     4.55000     3.39800    4500.00
   460.00000  1277.00000     8.00000     4.55000     3.39800    4500.00
   470.00000  1267.00000     8.00000     4.55000     3.39800    4500.00
   480.00000  1257.00000     8.00000     4.55000     3.39800    4500.00
   490.00000  1247.00000     8.00000     4.55000     3.39800    4500.00
   500.00000  1237.00000     8.00000     4.55000     3.39800    4500.00
   510.00000  1227.00000     8.00000     4.55000     3.39800    4500.00
   520.00000  1217.00000     8.00000     4.55000     3.39800    4500.00
   530.00000  1207.00000     8.00000     4.55000     3.39800    4500.00
   540.00000  1197.00000     8.00000     4.55000     3.39800    4500.00
   550.00000  1187.00000     8.00000     4.55000     3.39800    4500.00
   560.00000  1177.00000     8.00000     4.55000     3.39800    4500.00
   570.00000  1167.00000     8.00000     4.55000     3.39800    4500.00
   580.00000  1157.00000     8.00000     4.55000     3.39800    4500.00
   590.00000  1147.00000     8.00000     4.55000     3.39800    4500.00
   600.00000  1137.00000     8.00000     4.55000     3.39800    4500.00
   610.00000  1127.00000     8.00000     4.55000     3.39800    4500.00
   620.00000  1117.00000     8.00000     4.55000     3.39800    4500.00
   630.00000  1107.00000     8.00000     4.55000     3.39800    4500.00
   640.00000  1097.00000     8.00000     4.55000     3.39800    4500.00
   650.00000  1087.00000     8.00000     4.55000     3.39800    4500.00
   660.00000  1077.00000     8.00000     4.55000     3.39800    4500.00
   670.00000  1067.00000     8.00000     4.55000     3.39800    4500.00
   680.00000  1057.00000     8.00000     4.55000     3.39800    4500.00
   690.00000  1047.00000     8.00000     4.55000     3.39800    4500.00
   700.00000  1037.00000     8.00000     4.55000     3.39800    4500.00
   710.00000  1027.00000     8.00000     4.55000     3.39800    4500.00
   720.00000  1017.00000     8.00000     4.55000     3.39800    4500.00
   730.00000  1007.00000     8.00000     4.55000     3.39800    4500.00
   740.00000   997.00000     8.00000     4.55000     3.39800    4500.00
   750.00000   987.00000     8.00000     4.55000     3.39800    4500.00
   760.00000   977.00000     8.00000     4.55000     3.39800    4500.00
   770.00000   967.00000     8.00000     4.55000     3.39800    4500.00
   780.00000   957.00000     8.00000     4.55000     3.39800    4500.00
   790.00000   947.00000     8.00000     4.55000     3.39800    4500.00
   800.00000   937.00000     8.00000     4.55000     3.39800    4500.00
   810.00000   927.00000     8.00000     4.55000     3.39800    4500.00
   820.00000   917.00000     8.00000     4.55000     3.39800    4500.00
   830.00000   907.00000     8.00000     4.55000     3.39800    4500.00
   840.00000   897.00000     8.00000     4.55000     3.39800    4500.00
   850.00000   887.00000     8.00000     4.55000     3.39800    4500.00
   860.00000   877.00000     8.00000     4.55000     3.39800    4500.00
   870.00000   867.00000     8.00000     4.55000     3.39800    4500.00
   880.00000   857.00000     8.00000     4.55000     3.39800    4500.00
   890.00000   847.00000     8.00000     4.55000     3.39800    4500.00
   900.00000   837.00000     8.00000     4.55000     3.39800    4500.00
   910.00000   827.00000     8.00000     4.55000     3.39800    4500.00
   920.00000   817.00000     8.00000     4.55000     3.39800    4500.00
   930.00000   807.00000     8.00000     4.55000     3.39800    4500.00
   940.00000   797.00000     8.00000     4.55000     3.39800    4500.00
   950.00000   787.00000     8.00000     4.55000     3.39800    4500.00
   960.00000   777.00000     8.00000     4.55000     3.39800    4500.00
   970.00000   767.00000     8.00000     4.55000     3.39800    4500.00
   980.00000   757.00000     8.00000     4.55000     3.39800    4500.00
   990.00000   747.00000     8.00000     4.55000     3.39800    4500.00
  1000.00000   737.00000     8.00000     4.55000     3.39800    4500.00
  1010.16278   726.83722     8.00000     4.55000     3.39800    4500.00
  1020.32556   716.67444     8.00000     4.55000     3.39800    4500.00
  1030.48840   706.51160     8.00000     4.55000     3.39800    4500.00
  1040.65112   696.34882     8.00000     4.55000     3.39800    4500.00
  1050.81396   686.18604     8.00000     4.55000     3.39800    4500.00
  1060.97681   676.02325     8.00000     4.55000     3.39800    4500.00
  1071.13953   665.86047     8.00000     4.55000     3.39800    4500.00
  1081.30237   655.69769     8.00000     4.55000     3.39800    4500.00
  1091.46509   645.53491     8.00000     4.55000     3.39800    4500.00
  1101.62793   635.37207     8.00000     4.55000     3.39800    4500.00
  1111.79065   625.20929     8.00000     4.55000     3.39800    4500.00
  1121.95349   615.04651     8.00000     4.55000     3.39800    4500.00
  1132.11621   604.88373     8.00000     4.55000     3.39800    4500.00
  1142.27905   594.72095     8.00000     4.55000     3.39800    4500.00
  1152.44189   584.55811     8.00000     4.55000     3.39800    4500.00
  1162.60461   574.39539     8.00000     4.55000     3.39800    4500.00
  1172.76746   564.23254     8.00000     4.55000     3.39800    4500.00
  1182.93018   554.06976     8.00000     4.55000     3.39800    4500.00
  1193.09302   543.90698     8.00000     4.55000     3.39800    4500.00
  1203.25586   533.74420     8.00000     4.55000     3.39800    4500.00
  1213.41858   523.58142     8.00000     4.55000     3.39800    4500.00
  1223.58142   513.41858     8.00000     4.55000     3.39800    4500.00
  1233.74414   503.25580     8.00000     4.55000     3.39800    4500.00
  1243.90698   493.09302     8.00000     4.55000     3.39800    4500.00
  1254.06982   482.93024     8.00000     4.55000     3.39800    4500.00
  1264.23254   472.76746     8.00000     4.55000     3.39800    4500.00
  1274.39539   462.60464     8.00000     4.55000     3.39800    4500.00
  1284.55811   452.44186     8.00000     4.55000     3.39800    4500.00
  1294.72095   442.27908     8.00000     4.55000     3.39800    4500.00
  1304.88379   432.11627     8.00000     4.55000     3.39800    4500.00
  1315.04651   421.95349     8.00000     4.55000     3.39800    4500.00
  1325.20923   411.79071     8.00000     4.55000     3.39800    4500.00
  1335.37207   401.62790     8.00000     4.55000     3.39800    4500.00
  1345.53491   391.46512     8.00000     4.55000     3.39800    4500.00
  1355.69763   381.30234     8.00000     4.55000     3.39800    4500.00
  1365.86047   371.13953     8.00000     4.55000     3.39800    4500.00
  1376.02319   360.97675     8.00000     4.55000     3.39800    4500.00
  1386.18604   350.81396     8.00000     4.55000     3.39800    4500.00
  1396.34888   340.65115     8.00000     4.55000     3.39800    4500.00
  1406.51160   330.48837     8.00000     4.55000     3.39800    4500.00
  1416.67444   320.32559     8.00000     4.55000     3.39800    4500.00
  1426.83716   310.16278     8.00000     4.55000     3.39800    4500.00
  1437.00000   300.00000     8.00000     4.55000     3.39800    4500.00
  1437.00000   300.00000     6.00000     3.00000     7.00000    4500.00
  1447.00000   290.00000     6.00000     3.00000     7.00000    4500.00
  1457.00000   280.00000     6.00000     3.00000     7.00000    4500.00
  1467.00000   270.00000     6.00000     3.00000     7.00000    4500.00
  1477.00000   260.00000     6.00000     3.00000     7.00000    4500.00
  1487.00000   250.00000     6.00000     3.00000     7.00000    4500.00
  1497.00000   240.00000     6.00000     3.00000     7.00000    4500.00
  1507.00000   230.00000     6.00000     3.00000     7.00000    4500.00
  1517.00000   220.00000     6.00000     3.00000     7.00000    4500.00
  1527.00000   210.00000     6.00000     3.00000     7.00000    4500.00
  1537.00000   200.00000     6.00000     3.00000     7.00000    4500.00
  1547.00000   190.00000     6.00000     3.00000     7.00000    4500.00
  1557.00000   180.00000     6.00000     3.00000     7.00000    4500.00
  1567.00000   170.00000     6.00000     3.00000     7.00000    4500.00
  1577.00000   160.00000     6.00000     3.00000     7.00000    4500.00
  1587.00000   150.00000     6.00000     3.00000     7.00000    4500.00
  1597.00000   140.00000     6.00000     3.00000     7.00000    4500.00
  1607.00000   130.00000     6.00000     3.00000     7.00000    4500.00
  1617.00000   120.00000     6.00000     3.00000     7.00000    4500.00
  1627.00000   110.00000     6.00000     3.00000     7.00000    4500.00
  1637.00000   100.00000     6.00000     3.00000     7.00000    4500.00
  1647.00000    90.00000     6.00000     3.00000     7.00000    4500.00
  1657.00000    80.00000     6.00000     3.00000     7.00000    4500.00
  1667.00000    70.00000     6.00000     3.00000     7.00000    4500.00
  1677.00000    60.00000     6.00000     3.00000     7.00000    4500.00
  1687.00000    50.00000     6.00000     3.00000     7.00000    4500.00
  1697.00000    40.00000     6.00000     3.00000     7.00000    4500.00
  1707.00000    30.00000     6.00000     3.00000     7.00000    4500.00
  1717.00000    20.00000     6.00000     3.00000     7.00000    4500.00
  1727.00000    10.00000     6.00000     3.00000     7.00000    4500.00
  1737.00000     0.00000     6.00000     3.00000     7.00000    4500.00
