     0.00000  1737.00000     8.00000     4.55000     3.39800    2000.00
    10.00000  1727.00000     8.00000     4.55000     3.39800    2000.00
    20.00000  1717.00000     8.00000     4.55000     3.39800    2000.00
    30.00000  1707.00000     8.00000     4.55000     3.39800    2000.00
    40.00000  1697.00000     8.00000     4.55000     3.39800    2000.00
    50.00000  1687.00000     8.00000     4.55000     3.39800    2000.00
    60.00000  1677.00000     8.00000     4.55000     3.39800    2000.00
    70.00000  1667.00000     8.00000     4.55000     3.39800    2000.00
    80.00000  1657.00000     8.00000     4.55000     3.39800    2000.00
    90.00000  1647.00000     8.00000     4.55000     3.39800    2000.00
   100.00000  1637.00000     8.00000     4.55000     3.39800    2000.00
   110.00000  1627.00000     8.00000     4.55000     3.39800    2000.00
   120.00000  1617.00000     8.00000     4.55000     3.39800    2000.00
   130.00000  1607.00000     8.00000     4.55000     3.39800    2000.00
   140.00000  1597.00000     8.00000     4.55000     3.39800    2000.00
   150.00000  1587.00000     8.00000     4.55000     3.39800    2000.00
   160.00000  1577.00000     8.00000     4.55000     3.39800    2000.00
   170.00000  1567.00000     8.00000     4.55000     3.39800    2000.00
   180.00000  1557.00000     8.00000     4.55000     3.39800    2000.00
   190.00000  1547.00000     8.00000     4.55000     3.39800    2000.00
   200.00000  1537.00000     8.00000     4.55000     3.39800    2000.00
   210.00000  1527.00000     8.00000     4.55000     3.39800    2000.00
   220.00000  1517.00000     8.00000     4.55000     3.39800    2000.00
   230.00000  1507.00000     8.00000     4.55000     3.39800    2000.00
   240.00000  1497.00000     8.00000     4.55000     3.39800    2000.00
   250.00000  1487.00000     8.00000     4.55000     3.39800    2000.00
   260.00000  1477.00000     8.00000     4.55000     3.39800    2000.00
   270.00000  1467.00000     8.00000     4.55000     3.39800    2000.00
   280.00000  1457.00000     8.00000     4.55000     3.39800    2000.00
   290.00000  1447.00000     8.00000     4.55000     3.39800    2000.00
   300.00000  1437.00000     8.00000     4.55000     3.39800    2000.00
   310.00000  1427.00000     8.00000     4.55000     3.39800    2000.00
   320.00000  1417.00000     8.00000     4.55000     3.39800    2000.00
   330.00000  1407.00000     8.00000     4.55000     3.39800    2000.00
   340.00000  1397.00000     8.00000     4.55000     3.39800    2000.00
   350.00000  1387.00000     8.00000     4.55000     3.39800    2000.00
   360.00000  1377.00000     8.00000     4.55000     3.39800    2000.00
   370.00000  1367.00000     8.00000     4.55000     3.39800    2000.00
   380.00000  1357.00000     8.00000     4.55000     3.39800    2000.00
   390.00000  1347.00000     8.00000     4.55000     3.39800    2000.00
   400.00000  1337.00000     8.00000     4.55000     3.39800    2000.00
   410.00000  1327.00000     8.00000     4.55000     3.39800    2000.00
   420.00000  1317.00000     8.00000     4.55000     3.39800    2000.00
   430.00000  1307.00000     8.00000     4.55000     3.39800    2000.00
   440.00000  1297.00000     8.00000     4.55000     3.39800    2000.00
   450.00000  1287.00000     8.00000     4.55000     3.39800    2000.00
   460.00000  1277.00000     8.00000     4.55000     3.39800    2000.00
   470.00000  1267.00000     8.00000     4.55000     3.39800    2000.00
   480.00000  1257.00000     8.00000     4.55000     3.39800    2000.00
   490.00000  1247.00000     8.00000     4.55000     3.39800    2000.00
   500.00000  1237.00000     8.00000     4.55000     3.39800    2000.00
   510.00000  1227.00000     8.00000     4.55000     3.39800    2000.00
   520.00000  1217.00000     8.00000     4.55000     3.39800    2000.00
   530.00000  1207.00000     8.00000     4.55000     3.39800    2000.00
   540.00000  1197.00000     8.00000     4.55000     3.39800    2000.00
   550.00000  1187.00000     8.00000     4.55000     3.39800    2000.00
   560.00000  1177.00000     8.00000     4.55000     3.39800    2000.00
   570.00000  1167.00000     8.00000     4.55000     3.39800    2000.00
   580.00000  1157.00000     8.00000     4.55000     3.39800    2000.00
   590.00000  1147.00000     8.00000     4.55000     3.39800    2000.00
   600.00000  1137.00000     8.00000     4.55000     3.39800    2000.00
   610.00000  1127.00000     8.00000     4.55000     3.39800    2000.00
   620.00000  1117.00000     8.00000     4.55000     3.39800    2000.00
   630.00000  1107.00000     8.00000     4.55000     3.39800    2000.00
   640.00000  1097.00000     8.00000     4.55000     3.39800    2000.00
   650.00000  1087.00000     8.00000     4.55000     3.39800    2000.00
   660.00000  1077.00000     8.00000     4.55000     3.39800    2000.00
   670.00000  1067.00000     8.00000     4.55000     3.39800    2000.00
   680.00000  1057.00000     8.00000     4.55000     3.39800    2000.00
   690.00000  1047.00000     8.00000     4.55000     3.39800    2000.00
   700.00000  1037.00000     8.00000     4.55000     3.39800    2000.00
   710.00000  1027.00000     8.00000     4.55000     3.39800    2000.00
   720.00000  1017.00000     8.00000     4.55000     3.39800    2000.00
   730.00000  1007.00000     8.00000     4.55000     3.39800    2000.00
   740.00000   997.00000     8.00000     4.55000     3.39800    2000.00
   750.00000   987.00000     8.00000     4.55000     3.39800    2000.00
   760.00000   977.00000     8.00000     4.55000     3.39800    2000.00
   770.00000   967.00000     8.00000     4.55000     3.39800    2000.00
   780.00000   957.00000     8.00000     4.55000     3.39800    2000.00
   790.00000   947.00000     8.00000     4.55000     3.39800    2000.00
   800.00000   937.00000     8.00000     4.55000     3.39800    2000.00
   810.00000   927.00000     8.00000     4.55000     3.39800    2000.00
   820.00000   917.00000     8.00000     4.55000     3.39800    2000.00
   830.00000   907.00000     8.00000     4.55000     3.39800    2000.00
   840.00000   897.00000     8.00000     4.55000     3.39800    2000.00
   850.00000   887.00000     8.00000     4.55000     3.39800    2000.00
   860.00000   877.00000     8.00000     4.55000     3.39800    2000.00
   870.00000   867.00000     8.00000     4.55000     3.39800    2000.00
   880.00000   857.00000     8.00000     4.55000     3.39800    2000.00
   890.00000   847.00000     8.00000     4.55000     3.39800    2000.00
   900.00000   837.00000     8.00000     4.55000     3.39800    2000.00
   910.00000   827.00000     8.00000     4.55000     3.39800    2000.00
   920.00000   817.00000     8.00000     4.55000     3.39800    2000.00
   930.00000   807.00000     8.00000     4.55000     3.39800    2000.00
   940.00000   797.00000     8.00000     4.55000     3.39800    2000.00
   950.00000   787.00000     8.00000     4.55000     3.39800    2000.00
   960.00000   777.00000     8.00000     4.55000     3.39800    2000.00
   970.00000   767.00000     8.00000     4.55000     3.39800    2000.00
   980.00000   757.00000     8.00000     4.55000     3.39800    2000.00
   990.00000   747.00000     8.00000     4.55000     3.39800    2000.00
  1000.00000   737.00000     8.00000     4.55000     3.39800    2000.00
  1010.09589   726.90411     8.00000     4.55000     3.39800    2000.00
  1020.19177   716.80823     8.00000     4.55000     3.39800    2000.00
  1030.28772   706.71234     8.00000     4.55000     3.39800    2000.00
  1040.38354   696.61646     8.00000     4.55000     3.39800    2000.00
  1050.47949   686.52057     8.00000     4.55000     3.39800    2000.00
  1060.57532   676.42468     8.00000     4.55000     3.39800    2000.00
  1070.67126   666.32874     8.00000     4.55000     3.39800    2000.00
  1080.76709   656.23291     8.00000     4.55000     3.39800    2000.00
  1090.86304   646.13696     8.00000     4.55000     3.39800    2000.00
  1100.95886   636.04108     8.00000     4.55000     3.39800    2000.00
  1111.05481   625.94519     8.00000     4.55000     3.39800    2000.00
  1121.15063   615.84930     8.00000     4.55000     3.39800    2000.00
  1131.24658   605.75342     8.00000     4.55000     3.39800    2000.00
  1141.34253   595.65753     8.00000     4.55000     3.39800    2000.00
  1151.43835   585.56165     8.00000     4.55000     3.39800    2000.00
  1161.53418   575.46576     8.00000     4.55000     3.39800    2000.00
  1171.63013   565.36987     8.00000     4.55000     3.39800    2000.00
  1181.72607   555.27399     8.00000     4.55000     3.39800    2000.00
  1191.82190   545.17810     8.00000     4.55000     3.39800    2000.00
  1201.91785   535.08221     8.00000     4.55000     3.39800    2000.00
  1212.01367   524.98633     8.00000     4.55000     3.39800    2000.00
  1222.10962   514.89038     8.00000     4.55000     3.39800    2000.00
  1232.20544   504.79453     8.00000     4.55000     3.39800    2000.00
  1242.30139   494.69861     8.00000     4.55000     3.39800    2000.00
  1252.39722   484.60272     8.00000     4.55000     3.39800    2000.00
  1262.49316   474.50684     8.00000     4.55000     3.39800    2000.00
  1272.58911   464.41095     8.00000     4.55000     3.39800    2000.00
  1282.68494   454.31506     8.00000     4.55000     3.39800    2000.00
  1292.78076   444.21918     8.00000     4.55000     3.39800    2000.00
  1302.87671   434.12329     8.00000     4.55000     3.39800    2000.00
  1312.97266   424.02740     8.00000     4.55000     3.39800    2000.00
  1323.06848   413.93152     8.00000     4.55000     3.39800    2000.00
  1333.16443   403.83560     8.00000     4.55000     3.39800    2000.00
  1343.26025   393.73972     8.00000     4.55000     3.39800    2000.00
  1353.35620   383.64383     8.00000     4.55000     3.39800    2000.00
  1363.45203   373.54794     8.00000     4.55000     3.39800    2000.00
  1373.54797   363.45206     8.00000     4.55000     3.39800    2000.00
  1383.64380   353.35617     8.00000     4.55000     3.39800    2000.00
  1393.73975   343.26028     8.00000     4.55000     3.39800    2000.00
  1403.83557   333.16440     8.00000     4.55000     3.39800    2000.00
  1413.93152   323.06848     8.00000     4.55000     3.39800    2000.00
  1424.02734   312.97260     8.00000     4.55000     3.39800    2000.00
  1434.12329   302.87671     8.00000     4.55000     3.39800    2000.00
  1444.21924   292.78082     8.00000     4.55000     3.39800    2000.00
  1454.31506   282.68494     8.00000     4.55000     3.39800    2000.00
  1464.41089   272.58905     8.00000     4.55000     3.39800    2000.00
  1474.50684   262.49316     8.00000     4.55000     3.39800    2000.00
  1484.60278   252.39725     8.00000     4.55000     3.39800    2000.00
  1494.69861   242.30136     8.00000     4.55000     3.39800    2000.00
  1504.79456   232.20547     8.00000     4.55000     3.39800    2000.00
  1514.89038   222.10962     8.00000     4.55000     3.39800    2000.00
  1524.98633   212.01367     8.00000     4.55000     3.39800    2000.00
  1535.08228   201.91779     8.00000     4.55000     3.39800    2000.00
  1545.17810   191.82190     8.00000     4.55000     3.39800    2000.00
  1555.27393   181.72601     8.00000     4.55000     3.39800    2000.00
  1565.36987   171.63013     8.00000     4.55000     3.39800    2000.00
  1575.46582   161.53424     8.00000     4.55000     3.39800    2000.00
  1585.56165   151.43835     8.00000     4.55000     3.39800    2000.00
  1595.65747   141.34247     8.00000     4.55000     3.39800    2000.00
  1605.75342   131.24658     8.00000     4.55000     3.39800    2000.00
  1615.84937   121.15070     8.00000     4.55000     3.39800    2000.00
  1625.94519   111.05481     8.00000     4.55000     3.39800    2000.00
  1636.04102   100.95892     8.00000     4.55000     3.39800    2000.00
  1646.13696    90.86304     8.00000     4.55000     3.39800    2000.00
  1656.23291    80.76715     8.00000     4.55000     3.39800    2000.00
  1666.32886    70.67120     8.00000     4.55000     3.39800    2000.00
  1676.42468    60.57532     8.00000     4.55000     3.39800    2000.00
  1686.52051    50.47943     8.00000     4.55000     3.39800    2000.00
  1696.61646    40.38354     8.00000     4.55000     3.39800    2000.00
  1706.71240    30.28766     8.00000     4.55000     3.39800    2000.00
  1716.80823    20.19177     8.00000     4.55000     3.39800    2000.00
  1726.90405    10.09589     8.00000     4.55000     3.39800    2000.00
  1737.00000     0.00000     8.00000     4.55000     3.39800    2000.00
