     0.00000  1737.00000     1.00000     0.50000     2.60000    7000.00
     0.90000  1736.09998     1.00000     0.50000     2.60000    7000.00
     0.90000  1736.09998     3.20000     1.80000     2.76200    7000.00
     1.40000  1735.59998     3.20000     1.80000     2.76200    7000.00
     1.90000  1735.09998     3.20000     1.80000     2.76200    7000.00
     2.40000  1734.59998     3.20000     1.80000     2.76200    7000.00
     2.90000  1734.09998     3.20000     1.80000     2.76200    7000.00
     3.40000  1733.59998     3.20000     1.80000     2.76200    7000.00
     3.90000  1733.09998     3.20000     1.80000     2.76200    7000.00
     4.40000  1732.59998     3.20000     1.80000     2.76200    7000.00
     4.90000  1732.09998     3.20000     1.80000     2.76200    7000.00
     5.40000  1731.59998     3.20000     1.80000     2.76200    7000.00
     5.90000  1731.09998     3.20000     1.80000     2.76200    7000.00
     6.40000  1730.59998     3.20000     1.80000     2.76200    7000.00
     6.90000  1730.09998     3.20000     1.80000     2.76200    7000.00
     7.40000  1729.59998     3.20000     1.80000     2.76200    7000.00
     7.90000  1729.09998     3.20000     1.80000     2.76200    7000.00
     8.40000  1728.59998     3.20000     1.80000     2.76200    7000.00
     8.90000  1728.09998     3.20000     1.80000     2.76200    7000.00
     9.40000  1727.59998     3.20000     1.80000     2.76200    7000.00
     9.90000  1727.09998     3.20000     1.80000     2.76200    7000.00
    10.40000  1726.59998     3.20000     1.80000     2.76200    7000.00
    10.90000  1726.09998     3.20000     1.80000     2.76200    7000.00
    11.40000  1725.59998     3.20000     1.80000     2.76200    7000.00
    11.90000  1725.09998     3.20000     1.80000     2.76200    7000.00
    11.90000  1725.09998     5.50000     3.30000     2.76200    7000.00
    27.90000  1709.09998     5.50000     3.30000     2.76200    7000.00
    27.90000  1709.09998     7.54000     4.34000     3.31200    7000.00
    39.90000  1697.09998     7.55000     4.34000     3.31400    7000.00
    52.60000  1684.39990     7.56000     4.34500     3.31600    7000.00
    65.30000  1671.69995     7.57000     4.35000     3.31800    7000.00
    77.60001  1659.39990     7.58000     4.35500     3.32000    7000.00
    89.90000  1647.09998     7.59000     4.36000     3.32200    7000.00
    99.90000  1637.09998     7.60000     4.36500     3.32350    7000.00
   109.90000  1627.09998     7.61000     4.37000     3.32500    7000.00
   129.89999  1607.09998     7.63000     4.38000     3.32900    7000.00
   139.89999  1597.09998     7.63500     4.38500     3.33050    7000.00
   149.89999  1587.09998     7.64000     4.39000     3.33200    7000.00
   159.89999  1577.09998     7.65000     4.39500     3.33350    7000.00
   169.89999  1567.09998     7.66000     4.40000     3.33500    7000.00
   179.89999  1557.09998     7.67000     4.40000     3.33650    7000.00
   189.89999  1547.09998     7.68000     4.40000     3.33800    7000.00
   199.89999  1537.09998     7.68500     4.40500     3.33950    7000.00
   209.89999  1527.09998     7.69000     4.41000     3.34100    7000.00
   222.45000  1514.55005     7.70000     4.41500     3.34250    7000.00
   235.00000  1502.00000     7.71000     4.42000     3.34400    7000.00
   249.89999  1487.09998     7.72000     4.43000     3.34600    7000.00
   262.59998  1474.39990     7.73000     4.43500     3.34800    7000.00
   275.29999  1461.69995     7.74000     4.44000     3.35000    7000.00
   289.89999  1447.09998     7.75000     4.44000     3.35200    7000.00
   299.89999  1437.09998     7.76000     4.44500     3.35350    7000.00
   309.89999  1427.09998     7.77000     4.45000     3.35500    7000.00
   319.89999  1417.09998     7.77500     4.45000     3.35600    7000.00
   329.89999  1407.09998     7.78000     4.45000     3.35700    7000.00
   339.89999  1397.09998     7.79000     4.45500     3.35850    7000.00
   349.89999  1387.09998     7.80000     4.46000     3.36000    7000.00
   359.89999  1377.09998     7.80500     4.46500     3.36150    7000.00
   369.89999  1367.09998     7.81000     4.47000     3.36300    7000.00
   379.89999  1357.09998     7.81500     4.47000     3.36400    7000.00
   389.89999  1347.09998     7.82000     4.47000     3.36500    7000.00
   399.89999  1337.09998     7.83000     4.47500     3.36650    7000.00
   409.89999  1327.09998     7.84000     4.48000     3.36800    7000.00
   419.89999  1317.09998     7.84500     4.48500     3.36900    7000.00
   429.89999  1307.09998     7.85000     4.49000     3.37000    7000.00
   439.89999  1297.09998     7.85500     4.49000     3.37150    7000.00
   449.89999  1287.09998     7.86000     4.49000     3.37300    7000.00
   459.89999  1277.09998     7.87000     4.49500     3.37400    7000.00
   469.89999  1267.09998     7.88000     4.50000     3.37500    7000.00
   485.00000  1252.00000     7.88000     4.50000     3.37700    7000.00
   495.14999  1241.84998     7.89000     4.50500     3.37800    7000.00
   505.29999  1231.69995     7.90000     4.51000     3.37900    7000.00
   517.59998  1219.39990     7.90500     4.51000     3.38050    7000.00
   529.90002  1207.09998     7.91000     4.51000     3.38200    7000.00
   539.90002  1197.09998     7.91500     4.51500     3.38300    7000.00
   549.90002  1187.09998     7.92000     4.52000     3.38400    7000.00
   559.90002  1177.09998     7.93000     4.52500     3.38500    7000.00
   569.90002  1167.09998     7.94000     4.53000     3.38600    7000.00
   579.90002  1157.09998     7.94500     4.53000     3.38700    7000.00
   589.90002  1147.09998     7.95000     4.53000     3.38800    7000.00
   599.90002  1137.09998     7.95500     4.53500     3.38950    7000.00
   609.90002  1127.09998     7.96000     4.54000     3.39100    7000.00
   619.90002  1117.09998     7.96500     4.54000     3.39200    7000.00
   629.90002  1107.09998     7.97000     4.54000     3.39300    7000.00
   639.90002  1097.09998     7.97500     4.54000     3.39400    7000.00
   649.90002  1087.09998     7.98000     4.54000     3.39500    7000.00
   659.90002  1077.09998     7.98500     4.54500     3.39600    7000.00
   669.90002  1067.09998     7.99000     4.55000     3.39700    7000.00
   679.90002  1057.09998     7.99500     4.55000     3.39750    7000.00
   689.90002  1047.09998     8.00000     4.55000     3.39800    7000.00
   699.90002  1037.09998     8.00500     4.55500     3.39900    7000.00
   709.90002  1027.09998     8.01000     4.56000     3.40000    7000.00
   722.45001  1014.54999     8.01500     4.56000     3.40150    7000.00
   735.00000  1002.00000     8.02000     4.56000     3.40300    7000.00
   749.90002   987.09998     8.03000     4.57000     3.40400    7000.00
   762.59998   974.40002     8.03500     4.57000     3.40500    7000.00
   775.29999   961.70001     8.04000     4.57000     3.40600    7000.00
   789.90002   947.09998     8.05000     4.57000     3.40800    7000.00
   799.90002   937.09998     8.05500     4.57500     3.40850    7000.00
   809.90002   927.09998     8.06000     4.58000     3.40900    7000.00
   819.90002   917.09998     8.06500     4.58000     3.41000    7000.00
   829.90002   907.09998     8.07000     4.58000     3.41100    7000.00
   839.90002   897.09998     8.07500     4.58000     3.41200    7000.00
   849.90002   887.09998     8.08000     4.58000     3.41300    7000.00
   859.90002   877.09998     8.08000     4.58500     3.41350    7000.00
   869.90002   867.09998     8.08000     4.59000     3.41400    7000.00
   879.90002   857.09998     8.08500     4.59000     3.41500    7000.00
   889.90002   847.09998     8.09000     4.59000     3.41600    7000.00
   899.90002   837.09998     8.09500     4.59000     3.41650    7000.00
   909.90002   827.09998     8.10000     4.59000     3.41700    7000.00
   919.90002   817.09998     8.10500     4.59500     3.41800    7000.00
   929.90002   807.09998     8.11000     4.60000     3.41900    7000.00
   939.90002   797.09998     8.11500     4.60000     3.41950    7000.00
   949.90002   787.09998     8.12000     4.60000     3.42000    7000.00
   959.90002   777.09998     8.12000     4.60000     3.42050    7000.00
   969.90002   767.09998     8.12000     4.60000     3.42100    7000.00
   979.90002   757.09998     8.12500     4.60500     3.42200    7000.00
   989.90002   747.09998     8.13000     4.61000     3.42300    7000.00
   999.90002   737.09998     8.13500     4.61000     3.42350    7000.00
  1009.90002   727.09998     8.14000     4.61000     3.42400    7000.00
  1019.90002   717.09998     8.14000     4.61000     3.42450    7000.00
  1029.90002   707.09998     8.14000     4.61000     3.42500    7000.00
  1039.90002   697.09998     8.14500     4.61000     3.42600    7000.00
  1049.90002   687.09998     8.15000     4.61000     3.42700    7000.00
  1059.90002   677.09998     8.15500     4.61500     3.42750    7000.00
  1069.90002   667.09998     8.16000     4.62000     3.42800    7000.00
  1079.90002   657.09998     8.16000     4.62000     3.42850    7000.00
  1089.90002   647.09998     8.16000     4.62000     3.42900    7000.00
  1099.90002   637.09998     8.16500     4.62000     3.42950    7000.00
  1109.90002   627.09998     8.17000     4.62000     3.43000    7000.00
  1119.90002   617.09998     8.17500     4.62000     3.43050    7000.00
  1129.90002   607.09998     8.18000     4.62000     3.43100    7000.00
  1139.90002   597.09998     8.18000     4.62000     3.43200    7000.00
  1149.90002   587.09998     8.18000     4.62000     3.43300    7000.00
  1159.90002   577.09998     8.18500     4.62500     3.43350    7000.00
  1169.90002   567.09998     8.19000     4.63000     3.43400    7000.00
  1179.90002   557.09998     8.19000     4.63000     3.43450    7000.00
  1189.90002   547.09998     8.19000     4.63000     3.43500    7000.00
  1199.90002   537.09998     8.19500     4.63000     3.43550    7000.00
  1209.90002   527.09998     8.20000     4.63000     3.43600    7000.00
  1219.90002   517.09998     8.20000     4.63000     3.43650    7000.00
  1229.90002   507.10001     8.20000     4.63000     3.43700    7000.00
  1239.90002   497.10001     8.20500     4.63000     3.43750    7000.00
  1249.90002   487.10001     8.21000     4.63000     3.43800    7000.00
  1259.90002   477.10001     8.21000     4.63000     3.43800    7000.00
  1269.90002   467.10001     8.21000     4.63000     3.43800    7000.00
  1279.90002   457.10001     8.21500     4.63000     3.43850    7000.00
  1289.90002   447.10001     8.22000     4.63000     3.43900    7000.00
  1299.90002   437.10001     8.22000     4.63500     3.43950    7000.00
  1309.90002   427.10001     8.22000     4.64000     3.44000    7000.00
  1319.90002   417.10001     8.22500     4.64000     3.44050    7000.00
  1329.90002   407.10001     8.23000     4.64000     3.44100    7000.00
  1339.90002   397.10001     8.24000     4.61500     3.46570    7000.00
  1349.90002   387.10001     8.25000     4.59000     3.49040    7000.00
  1359.90002   377.10001     8.25000     4.59000     3.49075    7000.00
  1369.90002   367.10001     8.25000     4.59000     3.49110    7000.00
  1379.90002   357.10001     8.25500     4.59000     3.49145    7000.00
  1389.90002   347.10001     8.26000     4.59000     3.49180    7000.00
  1399.90002   337.10001     8.26000     4.59000     3.49215    7000.00
  1409.90002   327.10001     8.26000     4.59000     3.49250    7000.00
  1419.90002   317.10001     8.26000     4.59000     3.49285    7000.00
  1429.90002   307.10001     8.26000     4.59000     3.49320    7000.00
  1439.90002   297.10001     8.26500     4.59000     3.49355    7000.00
  1449.90002   287.10001     8.27000     4.59000     3.49390    7000.00
  1459.90002   277.10001     8.27000     4.59500     3.49420    7000.00
  1469.90002   267.10001     8.27000     4.60000     3.49450    7000.00
  1479.90002   257.10001     8.27000     4.60000     3.49480    7000.00
  1489.90002   247.10001     8.27000     4.60000     3.49510    7000.00
  1499.90002   237.10001     8.27500     4.60000     3.49535    7000.00
  1509.90002   227.10001     8.28000     4.60000     3.49560    7000.00
  1519.90002   217.10001     8.28000     4.60000     3.49585    7000.00
  1529.90002   207.10001     8.28000     4.60000     3.49610    7000.00
  1539.90002   197.10001     8.28000     4.60000     3.49635    7000.00
  1549.90002   187.10001     8.28000     4.60000     3.49660    7000.00
  1559.90002   177.10001     8.28000     4.60000     3.49685    7000.00
  1569.90002   167.10001     8.28000     4.60000     3.49710    7000.00
  1579.90002   157.10001     8.28500     4.60000     3.49730    7000.00
  1589.90002   147.10001     8.29000     4.60000     3.49750    7000.00
  1599.90002   137.10001     8.29000     4.60000     3.49775    7000.00
  1609.90002   127.10000     8.29000     4.60000     3.49800    7000.00
  1619.90002   117.10000     8.29000     4.60000     3.49820    7000.00
  1629.90002   107.10000     8.29000     4.60000     3.49840    7000.00
  1639.90002    97.10000     8.29000     4.60000     3.49855    7000.00
  1649.90002    87.10000     8.29000     4.60000     3.49870    7000.00
  1659.90002    77.10000     8.29000     4.60000     3.49890    7000.00
  1669.90002    67.10000     8.29000     4.60000     3.49910    7000.00
  1679.90002    57.10000     8.29500     4.60000     3.49925    7000.00
  1689.90002    47.10000     8.30000     4.60000     3.49940    7000.00
  1699.90002    37.10000     8.30000     4.60000     3.49955    7000.00
  1709.90002    27.10000     8.30000     4.60000     3.49970    7000.00
  1719.90002    17.10000     8.30000     4.60000     3.49980    7000.00
  1729.90002     7.10000     8.30000     4.60000     3.49990    7000.00
  1737.00000     0.00000     8.30000     4.60000     3.50000    7000.00
