     0.00000  1737.00000     1.00000     0.50000     2.60000   15000.00
     0.05000  1736.94995     1.00000     0.50000     2.60000   15000.00
     0.10000  1736.90002     1.00000     0.50000     2.60000   15000.00
     0.15000  1736.84998     1.00000     0.50000     2.60000   15000.00
     0.20000  1736.80005     1.00000     0.50000     2.60000   15000.00
     0.25000  1736.75000     1.00000     0.50000     2.60000   15000.00
     0.30000  1736.69995     1.00000     0.50000     2.60000   15000.00
     0.35000  1736.65002     1.00000     0.50000     2.60000   15000.00
     0.40000  1736.59998     1.00000     0.50000     2.60000   15000.00
     0.45000  1736.55005     1.00000     0.50000     2.60000   15000.00
     0.50000  1736.50000     1.00000     0.50000     2.60000   15000.00
     0.55000  1736.44995     1.00000     0.50000     2.60000   15000.00
     0.60000  1736.40002     1.00000     0.50000     2.60000   15000.00
     0.65000  1736.34998     1.00000     0.50000     2.60000   15000.00
     0.70000  1736.30005     1.00000     0.50000     2.60000   15000.00
     0.75000  1736.25000     1.00000     0.50000     2.60000   15000.00
     0.80000  1736.19995     1.00000     0.50000     2.60000   15000.00
     0.85000  1736.15002     1.00000     0.50000     2.60000   15000.00
     0.90000  1736.09998     1.00000     0.50000     2.60000   15000.00
     0.95000  1736.05005     1.00000     0.50000     2.60000   15000.00
     1.00000  1736.00000     1.00000     0.50000     2.60000   15000.00
     1.00000  1736.00000     3.20000     1.80000     2.76200   15000.00
     1.05023  1735.94983     3.20000     1.80000     2.76200   15000.00
     1.10046  1735.89954     3.20000     1.80000     2.76200   15000.00
     1.15069  1735.84937     3.20000     1.80000     2.76200   15000.00
     1.20092  1735.79907     3.20000     1.80000     2.76200   15000.00
     1.25115  1735.74890     3.20000     1.80000     2.76200   15000.00
     1.30138  1735.69861     3.20000     1.80000     2.76200   15000.00
     1.35161  1735.64844     3.20000     1.80000     2.76200   15000.00
     1.40184  1735.59814     3.20000     1.80000     2.76200   15000.00
     1.45207  1735.54797     3.20000     1.80000     2.76200   15000.00
     1.50230  1735.49768     3.20000     1.80000     2.76200   15000.00
     1.55253  1735.44751     3.20000     1.80000     2.76200   15000.00
     1.60276  1735.39722     3.20000     1.80000     2.76200   15000.00
     1.65300  1735.34705     3.20000     1.80000     2.76200   15000.00
     1.70323  1735.29675     3.20000     1.80000     2.76200   15000.00
     1.75346  1735.24658     3.20000     1.80000     2.76200   15000.00
     1.80369  1735.19629     3.20000     1.80000     2.76200   15000.00
     1.85392  1735.14612     3.20000     1.80000     2.76200   15000.00
     1.90415  1735.09583     3.20000     1.80000     2.76200   15000.00
     1.95438  1735.04565     3.20000     1.80000     2.76200   15000.00
     2.00461  1734.99536     3.20000     1.80000     2.76200   15000.00
     2.05484  1734.94519     3.20000     1.80000     2.76200   15000.00
     2.10507  1734.89490     3.20000     1.80000     2.76200   15000.00
     2.15530  1734.84473     3.20000     1.80000     2.76200   15000.00
     2.20553  1734.79443     3.20000     1.80000     2.76200   15000.00
     2.25576  1734.74426     3.20000     1.80000     2.76200   15000.00
     2.30599  1734.69397     3.20000     1.80000     2.76200   15000.00
     2.35622  1734.64380     3.20000     1.80000     2.76200   15000.00
     2.40645  1734.59351     3.20000     1.80000     2.76200   15000.00
     2.45668  1734.54333     3.20000     1.80000     2.76200   15000.00
     2.50691  1734.49304     3.20000     1.80000     2.76200   15000.00
     2.55714  1734.44287     3.20000     1.80000     2.76200   15000.00
     2.60737  1734.39258     3.20000     1.80000     2.76200   15000.00
     2.65760  1734.34241     3.20000     1.80000     2.76200   15000.00
     2.70783  1734.29211     3.20000     1.80000     2.76200   15000.00
     2.75806  1734.24194     3.20000     1.80000     2.76200   15000.00
     2.80829  1734.19165     3.20000     1.80000     2.76200   15000.00
     2.85853  1734.14148     3.20000     1.80000     2.76200   15000.00
     2.90876  1734.09119     3.20000     1.80000     2.76200   15000.00
     2.95899  1734.04102     3.20000     1.80000     2.76200   15000.00
     3.00922  1733.99072     3.20000     1.80000     2.76200   15000.00
     3.05945  1733.94055     3.20000     1.80000     2.76200   15000.00
     3.10968  1733.89026     3.20000     1.80000     2.76200   15000.00
     3.15991  1733.84009     3.20000     1.80000     2.76200   15000.00
     3.21014  1733.78992     3.20000     1.80000     2.76200   15000.00
     3.26037  1733.73962     3.20000     1.80000     2.76200   15000.00
     3.31060  1733.68945     3.20000     1.80000     2.76200   15000.00
     3.36083  1733.63916     3.20000     1.80000     2.76200   15000.00
     3.41106  1733.58899     3.20000     1.80000     2.76200   15000.00
     3.46129  1733.53870     3.20000     1.80000     2.76200   15000.00
     3.51152  1733.48853     3.20000     1.80000     2.76200   15000.00
     3.56175  1733.43823     3.20000     1.80000     2.76200   15000.00
     3.61198  1733.38806     3.20000     1.80000     2.76200   15000.00
     3.66221  1733.33777     3.20000     1.80000     2.76200   15000.00
     3.71244  1733.28760     3.20000     1.80000     2.76200   15000.00
     3.76267  1733.23730     3.20000     1.80000     2.76200   15000.00
     3.81290  1733.18713     3.20000     1.80000     2.76200   15000.00
     3.86313  1733.13684     3.20000     1.80000     2.76200   15000.00
     3.91336  1733.08667     3.20000     1.80000     2.76200   15000.00
     3.96359  1733.03638     3.20000     1.80000     2.76200   15000.00
     4.01382  1732.98621     3.20000     1.80000     2.76200   15000.00
     4.06406  1732.93591     3.20000     1.80000     2.76200   15000.00
     4.11429  1732.88574     3.20000     1.80000     2.76200   15000.00
     4.16452  1732.83545     3.20000     1.80000     2.76200   15000.00
     4.21475  1732.78528     3.20000     1.80000     2.76200   15000.00
     4.26498  1732.73499     3.20000     1.80000     2.76200   15000.00
     4.31521  1732.68481     3.20000     1.80000     2.76200   15000.00
     4.36544  1732.63452     3.20000     1.80000     2.76200   15000.00
     4.41567  1732.58435     3.20000     1.80000     2.76200   15000.00
     4.46590  1732.53406     3.20000     1.80000     2.76200   15000.00
     4.51613  1732.48389     3.20000     1.80000     2.76200   15000.00
     4.56636  1732.43359     3.20000     1.80000     2.76200   15000.00
     4.61659  1732.38342     3.20000     1.80000     2.76200   15000.00
     4.66682  1732.33313     3.20000     1.80000     2.76200   15000.00
     4.71705  1732.28296     3.20000     1.80000     2.76200   15000.00
     4.76728  1732.23267     3.20000     1.80000     2.76200   15000.00
     4.81751  1732.18250     3.20000     1.80000     2.76200   15000.00
     4.86774  1732.13220     3.20000     1.80000     2.76200   15000.00
     4.91797  1732.08203     3.20000     1.80000     2.76200   15000.00
     4.96820  1732.03174     3.20000     1.80000     2.76200   15000.00
     5.01843  1731.98157     3.20000     1.80000     2.76200   15000.00
     5.06866  1731.93127     3.20000     1.80000     2.76200   15000.00
     5.11889  1731.88110     3.20000     1.80000     2.76200   15000.00
     5.16912  1731.83081     3.20000     1.80000     2.76200   15000.00
     5.21935  1731.78064     3.20000     1.80000     2.76200   15000.00
     5.26959  1731.73035     3.20000     1.80000     2.76200   15000.00
     5.31982  1731.68018     3.20000     1.80000     2.76200   15000.00
     5.37005  1731.63000     3.20000     1.80000     2.76200   15000.00
     5.42028  1731.57971     3.20000     1.80000     2.76200   15000.00
     5.47051  1731.52954     3.20000     1.80000     2.76200   15000.00
     5.52074  1731.47925     3.20000     1.80000     2.76200   15000.00
     5.57097  1731.42908     3.20000     1.80000     2.76200   15000.00
     5.62120  1731.37878     3.20000     1.80000     2.76200   15000.00
     5.67143  1731.32861     3.20000     1.80000     2.76200   15000.00
     5.72166  1731.27832     3.20000     1.80000     2.76200   15000.00
     5.77189  1731.22815     3.20000     1.80000     2.76200   15000.00
     5.82212  1731.17786     3.20000     1.80000     2.76200   15000.00
     5.87235  1731.12769     3.20000     1.80000     2.76200   15000.00
     5.92258  1731.07739     3.20000     1.80000     2.76200   15000.00
     5.97281  1731.02722     3.20000     1.80000     2.76200   15000.00
     6.02304  1730.97693     3.20000     1.80000     2.76200   15000.00
     6.07327  1730.92676     3.20000     1.80000     2.76200   15000.00
     6.12350  1730.87646     3.20000     1.80000     2.76200   15000.00
     6.17373  1730.82629     3.20000     1.80000     2.76200   15000.00
     6.22396  1730.77600     3.20000     1.80000     2.76200   15000.00
     6.27419  1730.72583     3.20000     1.80000     2.76200   15000.00
     6.32442  1730.67554     3.20000     1.80000     2.76200   15000.00
     6.37465  1730.62537     3.20000     1.80000     2.76200   15000.00
     6.42488  1730.57507     3.20000     1.80000     2.76200   15000.00
     6.47512  1730.52490     3.20000     1.80000     2.76200   15000.00
     6.52535  1730.47461     3.20000     1.80000     2.76200   15000.00
     6.57558  1730.42444     3.20000     1.80000     2.76200   15000.00
     6.62581  1730.37415     3.20000     1.80000     2.76200   15000.00
     6.67604  1730.32397     3.20000     1.80000     2.76200   15000.00
     6.72627  1730.27368     3.20000     1.80000     2.76200   15000.00
     6.77650  1730.22351     3.20000     1.80000     2.76200   15000.00
     6.82673  1730.17322     3.20000     1.80000     2.76200   15000.00
     6.87696  1730.12305     3.20000     1.80000     2.76200   15000.00
     6.92719  1730.07275     3.20000     1.80000     2.76200   15000.00
     6.97742  1730.02258     3.20000     1.80000     2.76200   15000.00
     7.02765  1729.97229     3.20000     1.80000     2.76200   15000.00
     7.07788  1729.92212     3.20000     1.80000     2.76200   15000.00
     7.12811  1729.87183     3.20000     1.80000     2.76200   15000.00
     7.17834  1729.82166     3.20000     1.80000     2.76200   15000.00
     7.22857  1729.77136     3.20000     1.80000     2.76200   15000.00
     7.27880  1729.72119     3.20000     1.80000     2.76200   15000.00
     7.32903  1729.67090     3.20000     1.80000     2.76200   15000.00
     7.37926  1729.62073     3.20000     1.80000     2.76200   15000.00
     7.42949  1729.57043     3.20000     1.80000     2.76200   15000.00
     7.47972  1729.52026     3.20000     1.80000     2.76200   15000.00
     7.52995  1729.46997     3.20000     1.80000     2.76200   15000.00
     7.58018  1729.41980     3.20000     1.80000     2.76200   15000.00
     7.63041  1729.36963     3.20000     1.80000     2.76200   15000.00
     7.68064  1729.31934     3.20000     1.80000     2.76200   15000.00
     7.73088  1729.26917     3.20000     1.80000     2.76200   15000.00
     7.78111  1729.21887     3.20000     1.80000     2.76200   15000.00
     7.83134  1729.16870     3.20000     1.80000     2.76200   15000.00
     7.88157  1729.11841     3.20000     1.80000     2.76200   15000.00
     7.93180  1729.06824     3.20000     1.80000     2.76200   15000.00
     7.98203  1729.01794     3.20000     1.80000     2.76200   15000.00
     8.03226  1728.96777     3.20000     1.80000     2.76200   15000.00
     8.08249  1728.91748     3.20000     1.80000     2.76200   15000.00
     8.13272  1728.86731     3.20000     1.80000     2.76200   15000.00
     8.18295  1728.81702     3.20000     1.80000     2.76200   15000.00
     8.23318  1728.76685     3.20000     1.80000     2.76200   15000.00
     8.28341  1728.71655     3.20000     1.80000     2.76200   15000.00
     8.33364  1728.66638     3.20000     1.80000     2.76200   15000.00
     8.38387  1728.61609     3.20000     1.80000     2.76200   15000.00
     8.43410  1728.56592     3.20000     1.80000     2.76200   15000.00
     8.48433  1728.51563     3.20000     1.80000     2.76200   15000.00
     8.53456  1728.46545     3.20000     1.80000     2.76200   15000.00
     8.58479  1728.41516     3.20000     1.80000     2.76200   15000.00
     8.63502  1728.36499     3.20000     1.80000     2.76200   15000.00
     8.68525  1728.31470     3.20000     1.80000     2.76200   15000.00
     8.73548  1728.26453     3.20000     1.80000     2.76200   15000.00
     8.78571  1728.21423     3.20000     1.80000     2.76200   15000.00
     8.83594  1728.16406     3.20000     1.80000     2.76200   15000.00
     8.88618  1728.11377     3.20000     1.80000     2.76200   15000.00
     8.93641  1728.06360     3.20000     1.80000     2.76200   15000.00
     8.98664  1728.01331     3.20000     1.80000     2.76200   15000.00
     9.03687  1727.96313     3.20000     1.80000     2.76200   15000.00
     9.08710  1727.91284     3.20000     1.80000     2.76200   15000.00
     9.13733  1727.86267     3.20000     1.80000     2.76200   15000.00
     9.18756  1727.81238     3.20000     1.80000     2.76200   15000.00
     9.23779  1727.76221     3.20000     1.80000     2.76200   15000.00
     9.28802  1727.71191     3.20000     1.80000     2.76200   15000.00
     9.33825  1727.66174     3.20000     1.80000     2.76200   15000.00
     9.38848  1727.61145     3.20000     1.80000     2.76200   15000.00
     9.43871  1727.56128     3.20000     1.80000     2.76200   15000.00
     9.48894  1727.51099     3.20000     1.80000     2.76200   15000.00
     9.53917  1727.46082     3.20000     1.80000     2.76200   15000.00
     9.58940  1727.41052     3.20000     1.80000     2.76200   15000.00
     9.63963  1727.36035     3.20000     1.80000     2.76200   15000.00
     9.68986  1727.31006     3.20000     1.80000     2.76200   15000.00
     9.74009  1727.25989     3.20000     1.80000     2.76200   15000.00
     9.79032  1727.20972     3.20000     1.80000     2.76200   15000.00
     9.84055  1727.15942     3.20000     1.80000     2.76200   15000.00
     9.89078  1727.10925     3.20000     1.80000     2.76200   15000.00
     9.94101  1727.05896     3.20000     1.80000     2.76200   15000.00
     9.99124  1727.00879     3.20000     1.80000     2.76200   15000.00
    10.04147  1726.95850     3.20000     1.80000     2.76200   15000.00
    10.09170  1726.90833     3.20000     1.80000     2.76200   15000.00
    10.14194  1726.85803     3.20000     1.80000     2.76200   15000.00
    10.19217  1726.80786     3.20000     1.80000     2.76200   15000.00
    10.24240  1726.75757     3.20000     1.80000     2.76200   15000.00
    10.29263  1726.70740     3.20000     1.80000     2.76200   15000.00
    10.34286  1726.65710     3.20000     1.80000     2.76200   15000.00
    10.39309  1726.60693     3.20000     1.80000     2.76200   15000.00
    10.44332  1726.55664     3.20000     1.80000     2.76200   15000.00
    10.49355  1726.50647     3.20000     1.80000     2.76200   15000.00
    10.54378  1726.45618     3.20000     1.80000     2.76200   15000.00
    10.59401  1726.40601     3.20000     1.80000     2.76200   15000.00
    10.64424  1726.35571     3.20000     1.80000     2.76200   15000.00
    10.69447  1726.30554     3.20000     1.80000     2.76200   15000.00
    10.74470  1726.25525     3.20000     1.80000     2.76200   15000.00
    10.79493  1726.20508     3.20000     1.80000     2.76200   15000.00
    10.84516  1726.15479     3.20000     1.80000     2.76200   15000.00
    10.89539  1726.10461     3.20000     1.80000     2.76200   15000.00
    10.94562  1726.05432     3.20000     1.80000     2.76200   15000.00
    10.99585  1726.00415     3.20000     1.80000     2.76200   15000.00
    11.04608  1725.95386     3.20000     1.80000     2.76200   15000.00
    11.09631  1725.90369     3.20000     1.80000     2.76200   15000.00
    11.14654  1725.85339     3.20000     1.80000     2.76200   15000.00
    11.19677  1725.80322     3.20000     1.80000     2.76200   15000.00
    11.24700  1725.75293     3.20000     1.80000     2.76200   15000.00
    11.29724  1725.70276     3.20000     1.80000     2.76200   15000.00
    11.34746  1725.65247     3.20000     1.80000     2.76200   15000.00
    11.39769  1725.60229     3.20000     1.80000     2.76200   15000.00
    11.44793  1725.55200     3.20000     1.80000     2.76200   15000.00
    11.49816  1725.50183     3.20000     1.80000     2.76200   15000.00
    11.54839  1725.45154     3.20000     1.80000     2.76200   15000.00
    11.59862  1725.40137     3.20000     1.80000     2.76200   15000.00
    11.64885  1725.35107     3.20000     1.80000     2.76200   15000.00
    11.69908  1725.30090     3.20000     1.80000     2.76200   15000.00
    11.74931  1725.25061     3.20000     1.80000     2.76200   15000.00
    11.79954  1725.20044     3.20000     1.80000     2.76200   15000.00
    11.84977  1725.15015     3.20000     1.80000     2.76200   15000.00
    11.90000  1725.09998     3.20000     1.80000     2.76200   15000.00
    11.90000  1725.09998     5.50000     3.30000     2.76200   15000.00
    27.90000  1709.09998     5.50000     3.30000     2.76200   15000.00
    27.90000  1709.09998     7.54000     4.34000     3.31200   15000.00
    39.90000  1697.09998     7.55000     4.34000     3.31400   15000.00
    52.60000  1684.39990     7.56000     4.34500     3.31600   15000.00
    65.30000  1671.69995     7.57000     4.35000     3.31800   15000.00
    77.60001  1659.39990     7.58000     4.35500     3.32000   15000.00
    89.90000  1647.09998     7.59000     4.36000     3.32200   15000.00
    99.90000  1637.09998     7.60000     4.36500     3.32350   15000.00
   109.90000  1627.09998     7.61000     4.37000     3.32500   15000.00
   129.89999  1607.09998     7.63000     4.38000     3.32900   15000.00
   139.89999  1597.09998     7.63500     4.38500     3.33050   15000.00
   149.89999  1587.09998     7.64000     4.39000     3.33200   15000.00
   159.89999  1577.09998     7.65000     4.39500     3.33350   15000.00
   169.89999  1567.09998     7.66000     4.40000     3.33500   15000.00
   179.89999  1557.09998     7.67000     4.40000     3.33650   15000.00
   189.89999  1547.09998     7.68000     4.40000     3.33800   15000.00
   199.89999  1537.09998     7.68500     4.40500     3.33950   15000.00
   209.89999  1527.09998     7.69000     4.41000     3.34100   15000.00
   222.45000  1514.55005     7.70000     4.41500     3.34250   15000.00
   235.00000  1502.00000     7.71000     4.42000     3.34400   15000.00
   249.89999  1487.09998     7.72000     4.43000     3.34600   15000.00
   262.59998  1474.39990     7.73000     4.43500     3.34800   15000.00
   275.29999  1461.69995     7.74000     4.44000     3.35000   15000.00
   289.89999  1447.09998     7.75000     4.44000     3.35200   15000.00
   299.89999  1437.09998     7.76000     4.44500     3.35350   15000.00
   309.89999  1427.09998     7.77000     4.45000     3.35500   15000.00
   319.89999  1417.09998     7.77500     4.45000     3.35600   15000.00
   329.89999  1407.09998     7.78000     4.45000     3.35700   15000.00
   339.89999  1397.09998     7.79000     4.45500     3.35850   15000.00
   349.89999  1387.09998     7.80000     4.46000     3.36000   15000.00
   359.89999  1377.09998     7.80500     4.46500     3.36150   15000.00
   369.89999  1367.09998     7.81000     4.47000     3.36300   15000.00
   379.89999  1357.09998     7.81500     4.47000     3.36400   15000.00
   389.89999  1347.09998     7.82000     4.47000     3.36500   15000.00
   399.89999  1337.09998     7.83000     4.47500     3.36650   15000.00
   409.89999  1327.09998     7.84000     4.48000     3.36800   15000.00
   419.89999  1317.09998     7.84500     4.48500     3.36900   15000.00
   429.89999  1307.09998     7.85000     4.49000     3.37000   15000.00
   439.89999  1297.09998     7.85500     4.49000     3.37150   15000.00
   449.89999  1287.09998     7.86000     4.49000     3.37300   15000.00
   459.89999  1277.09998     7.87000     4.49500     3.37400   15000.00
   469.89999  1267.09998     7.88000     4.50000     3.37500   15000.00
   485.00000  1252.00000     7.88000     4.50000     3.37700   15000.00
   495.14999  1241.84998     7.89000     4.50500     3.37800   15000.00
   505.29999  1231.69995     7.90000     4.51000     3.37900   15000.00
   517.59998  1219.39990     7.90500     4.51000     3.38050   15000.00
   529.90002  1207.09998     7.91000     4.51000     3.38200   15000.00
   539.90002  1197.09998     7.91500     4.51500     3.38300   15000.00
   549.90002  1187.09998     7.92000     4.52000     3.38400   15000.00
   559.90002  1177.09998     7.93000     4.52500     3.38500   15000.00
   569.90002  1167.09998     7.94000     4.53000     3.38600   15000.00
   579.90002  1157.09998     7.94500     4.53000     3.38700   15000.00
   589.90002  1147.09998     7.95000     4.53000     3.38800   15000.00
   599.90002  1137.09998     7.95500     4.53500     3.38950   15000.00
   609.90002  1127.09998     7.96000     4.54000     3.39100   15000.00
   619.90002  1117.09998     7.96500     4.54000     3.39200   15000.00
   629.90002  1107.09998     7.97000     4.54000     3.39300   15000.00
   639.90002  1097.09998     7.97500     4.54000     3.39400   15000.00
   649.90002  1087.09998     7.98000     4.54000     3.39500   15000.00
   659.90002  1077.09998     7.98500     4.54500     3.39600   15000.00
   669.90002  1067.09998     7.99000     4.55000     3.39700   15000.00
   679.90002  1057.09998     7.99500     4.55000     3.39750   15000.00
   689.90002  1047.09998     8.00000     4.55000     3.39800   15000.00
   699.90002  1037.09998     8.00500     4.55500     3.39900   15000.00
   709.90002  1027.09998     8.01000     4.56000     3.40000   15000.00
   722.45001  1014.54999     8.01500     4.56000     3.40150   15000.00
   735.00000  1002.00000     8.02000     4.56000     3.40300   15000.00
   749.90002   987.09998     8.03000     4.57000     3.40400   15000.00
   762.59998   974.40002     8.03500     4.57000     3.40500   15000.00
   775.29999   961.70001     8.04000     4.57000     3.40600   15000.00
   789.90002   947.09998     8.05000     4.57000     3.40800   15000.00
   799.90002   937.09998     8.05500     4.57500     3.40850   15000.00
   809.90002   927.09998     8.06000     4.58000     3.40900   15000.00
   819.90002   917.09998     8.06500     4.58000     3.41000   15000.00
   829.90002   907.09998     8.07000     4.58000     3.41100   15000.00
   839.90002   897.09998     8.07500     4.58000     3.41200   15000.00
   849.90002   887.09998     8.08000     4.58000     3.41300   15000.00
   859.90002   877.09998     8.08000     4.58500     3.41350   15000.00
   869.90002   867.09998     8.08000     4.59000     3.41400   15000.00
   879.90002   857.09998     8.08500     4.59000     3.41500   15000.00
   889.90002   847.09998     8.09000     4.59000     3.41600   15000.00
   899.90002   837.09998     8.09500     4.59000     3.41650   15000.00
   909.90002   827.09998     8.10000     4.59000     3.41700   15000.00
   919.90002   817.09998     8.10500     4.59500     3.41800   15000.00
   929.90002   807.09998     8.11000     4.60000     3.41900   15000.00
   939.90002   797.09998     8.11500     4.60000     3.41950   15000.00
   949.90002   787.09998     8.12000     4.60000     3.42000   15000.00
   959.90002   777.09998     8.12000     4.60000     3.42050   15000.00
   969.90002   767.09998     8.12000     4.60000     3.42100   15000.00
   979.90002   757.09998     8.12500     4.60500     3.42200   15000.00
   989.90002   747.09998     8.13000     4.61000     3.42300   15000.00
   999.90002   737.09998     8.13500     4.61000     3.42350   15000.00
  1009.90002   727.09998     8.14000     4.61000     3.42400   15000.00
  1019.90002   717.09998     8.14000     4.61000     3.42450   15000.00
  1029.90002   707.09998     8.14000     4.61000     3.42500   15000.00
  1039.90002   697.09998     8.14500     4.61000     3.42600   15000.00
  1049.90002   687.09998     8.15000     4.61000     3.42700   15000.00
  1059.90002   677.09998     8.15500     4.61500     3.42750   15000.00
  1069.90002   667.09998     8.16000     4.62000     3.42800   15000.00
  1079.90002   657.09998     8.16000     4.62000     3.42850   15000.00
  1089.90002   647.09998     8.16000     4.62000     3.42900   15000.00
  1099.90002   637.09998     8.16500     4.62000     3.42950   15000.00
  1109.90002   627.09998     8.17000     4.62000     3.43000   15000.00
  1119.90002   617.09998     8.17500     4.62000     3.43050   15000.00
  1129.90002   607.09998     8.18000     4.62000     3.43100   15000.00
  1139.90002   597.09998     8.18000     4.62000     3.43200   15000.00
  1149.90002   587.09998     8.18000     4.62000     3.43300   15000.00
  1159.90002   577.09998     8.18500     4.62500     3.43350   15000.00
  1169.90002   567.09998     8.19000     4.63000     3.43400   15000.00
  1179.90002   557.09998     8.19000     4.63000     3.43450   15000.00
  1189.90002   547.09998     8.19000     4.63000     3.43500   15000.00
  1199.90002   537.09998     8.19500     4.63000     3.43550   15000.00
  1209.90002   527.09998     8.20000     4.63000     3.43600   15000.00
  1219.90002   517.09998     8.20000     4.63000     3.43650   15000.00
  1229.90002   507.10001     8.20000     4.63000     3.43700   15000.00
  1239.90002   497.10001     8.20500     4.63000     3.43750   15000.00
  1249.90002   487.10001     8.21000     4.63000     3.43800   15000.00
  1259.90002   477.10001     8.21000     4.63000     3.43800   15000.00
  1269.90002   467.10001     8.21000     4.63000     3.43800   15000.00
  1279.90002   457.10001     8.21500     4.63000     3.43850   15000.00
  1289.90002   447.10001     8.22000     4.63000     3.43900   15000.00
  1299.90002   437.10001     8.22000     4.63500     3.43950   15000.00
  1309.90002   427.10001     8.22000     4.64000     3.44000   15000.00
  1319.90002   417.10001     8.22500     4.64000     3.44050   15000.00
  1329.90002   407.10001     8.23000     4.64000     3.44100   15000.00
  1339.90002   397.10001     8.23000     4.64000     3.44150   15000.00
  1349.90002   387.10001     8.23000     4.64000     3.44200   15000.00
  1357.00000   380.00000     8.23000     4.64000     3.44200   15000.00
  1357.00000   380.00000     9.00000     5.00000     5.17100   15000.00
  1367.00000   370.00000     9.00000     5.00000     5.17100   15000.00
  1377.00000   360.00000     9.00000     5.00000     5.17100   15000.00
  1387.00000   350.00000     9.00000     5.00000     5.17100   15000.00
  1397.00000   340.00000     9.00000     5.00000     5.17100   15000.00
  1407.00000   330.00000     9.00000     5.00000     5.17100   15000.00
  1417.00000   320.00000     9.00000     5.00000     5.17100   15000.00
  1427.00000   310.00000     9.00000     5.00000     5.17100   15000.00
  1437.00000   300.00000     9.00000     5.00000     5.17100   15000.00
  1447.00000   290.00000     9.00000     5.00000     5.17100   15000.00
  1457.00000   280.00000     9.00000     5.00000     5.17100   15000.00
  1467.00000   270.00000     9.00000     5.00000     5.17100   15000.00
  1477.00000   260.00000     9.00000     5.00000     5.17100   15000.00
  1487.00000   250.00000     9.00000     5.00000     5.17100   15000.00
  1497.00000   240.00000     9.00000     5.00000     5.17100   15000.00
  1507.00000   230.00000     9.00000     5.00000     5.17100   15000.00
  1517.00000   220.00000     9.00000     5.00000     5.17100   15000.00
  1527.00000   210.00000     9.00000     5.00000     5.17100   15000.00
  1537.00000   200.00000     9.00000     5.00000     5.17100   15000.00
  1547.00000   190.00000     9.00000     5.00000     5.17100   15000.00
  1557.00000   180.00000     9.00000     5.00000     5.17100   15000.00
  1567.00000   170.00000     9.00000     5.00000     5.17100   15000.00
  1577.00000   160.00000     9.00000     5.00000     5.17100   15000.00
  1587.00000   150.00000     9.00000     5.00000     5.17100   15000.00
  1597.00000   140.00000     9.00000     5.00000     5.17100   15000.00
  1607.00000   130.00000     9.00000     5.00000     5.17100   15000.00
  1617.00000   120.00000     9.00000     5.00000     5.17100   15000.00
  1627.00000   110.00000     9.00000     5.00000     5.17100   15000.00
  1637.00000   100.00000     9.00000     5.00000     5.17100   15000.00
  1647.00000    90.00000     9.00000     5.00000     5.17100   15000.00
  1657.00000    80.00000     9.00000     5.00000     5.17100   15000.00
  1667.00000    70.00000     9.00000     5.00000     5.17100   15000.00
  1677.00000    60.00000     9.00000     5.00000     5.17100   15000.00
  1687.00000    50.00000     9.00000     5.00000     5.17100   15000.00
  1697.00000    40.00000     9.00000     5.00000     5.17100   15000.00
  1707.00000    30.00000     9.00000     5.00000     5.17100   15000.00
  1717.00000    20.00000     9.00000     5.00000     5.17100   15000.00
  1727.00000    10.00000     9.00000     5.00000     5.17100   15000.00
  1737.00000     0.00000     9.00000     5.00000     5.17100   15000.00
