     0.00000  1737.00000     1.00000     0.50000     2.60000    6750.00
     0.90000  1736.09998     1.00000     0.50000     2.60000    6750.00
     0.90000  1736.09998     3.20000     1.80000     2.76200    6750.00
    11.90000  1725.09998     3.20000     1.80000     2.76200    6750.00
    11.90000  1725.09998     5.50000     3.30000     2.76200    6750.00
    27.90000  1709.09998     5.50000     3.30000     2.76200    6750.00
    27.90000  1709.09998     7.54000     4.34000     3.31200    6750.00
    39.90000  1697.09998     7.55000     4.34000     3.31400    6750.00
    65.30000  1671.69995     7.57000     4.35000     3.31800    9000.00
    89.90000  1647.09998     7.59000     4.36000     3.32200    9000.00
   109.90000  1627.09998     7.61000     4.37000     3.32500    9000.00
   129.89999  1607.09998     7.63000     4.38000     3.32900    9000.00
   149.89999  1587.09998     7.64000     4.39000     3.33200    9000.00
   169.89999  1567.09998     7.66000     4.40000     3.33500    9000.00
   189.89999  1547.09998     7.68000     4.40000     3.33800    9000.00
   209.89999  1527.09998     7.69000     4.41000     3.34100    9000.00
   235.00000  1502.00000     7.71000     4.42000     3.34400    9000.00
   249.89999  1487.09998     7.72000     4.43000     3.34600    9000.00
   275.29999  1461.69995     7.74000     4.44000     3.35000    3375.00
   289.89999  1447.09998     7.75000     4.44000     3.35200    3375.00
   309.89999  1427.09998     7.77000     4.45000     3.35500    3375.00
   329.89999  1407.09998     7.78000     4.45000     3.35700    3375.00
   349.89999  1387.09998     7.80000     4.46000     3.36000    3375.00
   369.89999  1367.09998     7.81000     4.47000     3.36300    3375.00
   389.89999  1347.09998     7.82000     4.47000     3.36500    3375.00
   409.89999  1327.09998     7.84000     4.48000     3.36800    3375.00
   429.89999  1307.09998     7.85000     4.49000     3.37000    3375.00
   449.89999  1287.09998     7.86000     4.49000     3.37300    3375.00
   469.89999  1267.09998     7.88000     4.50000     3.37500    3375.00
   485.00000  1252.00000     7.88000     4.50000     3.37700    3375.00
   505.29999  1231.69995     7.90000     4.51000     3.37900    1125.00
   529.90002  1207.09998     7.91000     4.51000     3.38200    1125.00
   549.90002  1187.09998     7.92000     4.52000     3.38400    1125.00
   569.90002  1167.09998     7.94000     4.53000     3.38600    1125.00
   589.90002  1147.09998     7.95000     4.53000     3.38800    1125.00
   609.90002  1127.09998     7.96000     4.54000     3.39100    1125.00
   629.90002  1107.09998     7.97000     4.54000     3.39300    1125.00
   649.90002  1087.09998     7.98000     4.54000     3.39500    1125.00
   669.90002  1067.09998     7.99000     4.55000     3.39700    1125.00
   689.90002  1047.09998     8.00000     4.55000     3.39800    1125.00
   709.90002  1027.09998     8.01000     4.56000     3.40000    1125.00
   735.00000  1002.00000     8.02000     4.56000     3.40300    1125.00
   749.90002   987.09998     8.03000     4.57000     3.40400    1125.00
   775.29999   961.70001     8.04000     4.57000     3.40600     675.00
   789.90002   947.09998     8.05000     4.57000     3.40800     675.00
   809.90002   927.09998     8.06000     4.58000     3.40900     675.00
   829.90002   907.09998     8.07000     4.58000     3.41100     675.00
   849.90002   887.09998     8.08000     4.58000     3.41300     675.00
   869.90002   867.09998     8.08000     4.59000     3.41400     675.00
   889.90002   847.09998     8.09000     4.59000     3.41600     675.00
   909.90002   827.09998     8.10000     4.59000     3.41700     675.00
   929.90002   807.09998     8.11000     4.60000     3.41900     675.00
   949.90002   787.09998     8.12000     4.60000     3.42000     675.00
   969.90002   767.09998     8.12000     4.60000     3.42100     675.00
   989.90002   747.09998     8.13000     4.61000     3.42300     675.00
  1009.90002   727.09998     8.14000     4.61000     3.42400     675.00
  1029.90002   707.09998     8.14000     4.61000     3.42500     675.00
  1049.90002   687.09998     8.15000     4.61000     3.42700     675.00
  1069.90002   667.09998     8.16000     4.62000     3.42800     675.00
  1089.90002   647.09998     8.16000     4.62000     3.42900     675.00
  1109.90002   627.09998     8.17000     4.62000     3.43000     675.00
  1129.90002   607.09998     8.18000     4.62000     3.43100     675.00
  1149.90002   587.09998     8.18000     4.62000     3.43300     675.00
  1169.90002   567.09998     8.19000     4.63000     3.43400     675.00
  1189.90002   547.09998     8.19000     4.63000     3.43500     675.00
  1209.90002   527.09998     8.20000     4.63000     3.43600     675.00
  1229.90002   507.10001     8.20000     4.63000     3.43700     675.00
  1249.90002   487.10001     8.21000     4.63000     3.43800     675.00
  1269.90002   467.10001     8.21000     4.63000     3.43800     675.00
  1289.90002   447.10001     8.22000     4.63000     3.43900     675.00
  1309.90002   427.10001     8.22000     4.64000     3.44000     675.00
  1329.90002   407.10001     8.23000     4.64000     3.44100     675.00
  1349.90002   387.10001     8.23000     4.64000     3.44200     675.00
  1357.00000   380.00000     8.23000     4.64000     3.44200     675.00
  1357.00000   380.00000     9.00000     5.00000     5.17100   10000.00
  1377.00000   360.00000     9.00000     5.00000     5.17100   10000.00
  1397.00000   340.00000     9.00000     5.00000     5.17100   10000.00
  1417.00000   320.00000     9.00000     5.00000     5.17100   10000.00
  1437.00000   300.00000     9.00000     5.00000     5.17100   10000.00
  1457.00000   280.00000     9.00000     5.00000     5.17100   10000.00
  1477.00000   260.00000     9.00000     5.00000     5.17100   10000.00
  1497.00000   240.00000     9.00000     5.00000     5.17100   10000.00
  1517.00000   220.00000     9.00000     5.00000     5.17100   10000.00
  1537.00000   200.00000     9.00000     5.00000     5.17100   10000.00
  1557.00000   180.00000     9.00000     5.00000     5.17100   10000.00
  1577.00000   160.00000     9.00000     5.00000     5.17100   10000.00
  1597.00000   140.00000     9.00000     5.00000     5.17100   10000.00
  1617.00000   120.00000     9.00000     5.00000     5.17100   10000.00
  1637.00000   100.00000     9.00000     5.00000     5.17100   10000.00
  1657.00000    80.00000     9.00000     5.00000     5.17100   10000.00
  1677.00000    60.00000     9.00000     5.00000     5.17100   10000.00
  1697.00000    40.00000     9.00000     5.00000     5.17100   10000.00
  1717.00000    20.00000     9.00000     5.00000     5.17100   10000.00
  1737.00000     0.00000     9.00000     5.00000     5.17100   10000.00
