0001	WEBER_2011_original	1	10	0	10	0.5000	0.5000	0.0100	0	3600	0.15000	6.66667	50000	1	1	RUN0001.csh	RUN0001.data.out	RUN0001.track.out	Thor	24-Oct-2011
0002	WEBER_2011_original	1	10	0	10	0.5000	0.5000	0.0100	0	3600	0.15000	6.66667	50000	1	1	RUN0002.csh	RUN0002.data.out	RUN0002.track.out	Thor	24-Oct-2011
0003	WEBER_2011_original	1	1	0	1	0.2500	0.5000	0.0100	0	3600	0.15000	6.66667	500000	1	1	RUN0003.csh	RUN0003.data.out	RUN0003.track.out	Thor	24-Oct-2011
0004	WEBER_2011_original	1	1	0	1	0.2500	0.5000	50.0000	0	3600	0.15000	6.66667	500000	1	1	RUN0004.csh	RUN0004.data.out	RUN0004.track.out	Thor	24-Oct-2011
0005	WEBER_2011_original	1	1	0	1	0.2500	0.5000	1000.0000	0	3600	0.15000	6.66667	500000	1	1	RUN0005.csh	RUN0005.data.out	RUN0005.track.out	Thor	24-Oct-2011
0006	WEBER_2011_original	1	1	0	1	0.2500	0.5000	0.0100	0	3600	0.08000	12.50000	500000	1	1	RUN0006.csh	RUN0006.data.out	RUN0006.track.out	Thor	24-Oct-2011
0007	WEBER_2011_original	1	1	0	1	0.2500	0.5000	50.0000	0	3600	0.08000	12.50000	500000	1	1	RUN0007.csh	RUN0007.data.out	RUN0007.track.out	Thor	24-Oct-2011
0008	WEBER_2011_original	1	1	0	1	0.2500	0.5000	1000.0000	0	3600	0.08000	12.50000	500000	1	1	RUN0008.csh	RUN0008.data.out	RUN0008.track.out	Thor	24-Oct-2011
0009	WEBER_2011_original	1	10	0	10	0.2500	0.5000	0.0100	0	3600	0.15000	6.66667	500000	1	1	RUN0009.csh	RUN0009.data.out	RUN0009.track.out	Thor	24-Oct-2011
0010	WEBER_2011_original	1	10	0	10	0.2500	0.5000	50.0000	0	3600	0.15000	6.66667	500000	1	1	RUN0010.csh	RUN0010.data.out	RUN0010.track.out	Thor	24-Oct-2011
0011	WEBER_2011_original	1	10	0	10	0.2500	0.5000	1000.0000	0	3600	0.15000	6.66667	500000	1	1	RUN0011.csh	RUN0011.data.out	RUN0011.track.out	Thor	24-Oct-2011
0012	WEBER_2011_original	1	10	0	10	0.2500	0.5000	0.0100	0	3600	0.08000	12.50000	500000	1	1	RUN0012.csh	RUN0012.data.out	RUN0012.track.out	Thor	24-Oct-2011
0013	WEBER_2011_original	1	10	0	10	0.2500	0.5000	50.0000	0	3600	0.08000	12.50000	500000	1	1	RUN0013.csh	RUN0013.data.out	RUN0013.track.out	Thor	24-Oct-2011
0014	WEBER_2011_original	1	10	0	10	0.2500	0.5000	1000.0000	0	3600	0.08000	12.50000	500000	1	1	RUN0014.csh	RUN0014.data.out	RUN0014.track.out	Thor	24-Oct-2011
0015	WEBER_2011_original	1	50	0	50	0.2500	0.5000	0.0100	0	3600	0.15000	6.66667	500000	1	1	RUN0015.csh	RUN0015.data.out	RUN0015.track.out	Thor	24-Oct-2011
0016	WEBER_2011_original	1	50	0	50	0.2500	0.5000	50.0000	0	3600	0.15000	6.66667	500000	1	1	RUN0016.csh	RUN0016.data.out	RUN0016.track.out	Thor	24-Oct-2011
0017	WEBER_2011_original	1	50	0	50	0.2500	0.5000	1000.0000	0	3600	0.15000	6.66667	500000	1	1	RUN0017.csh	RUN0017.data.out	RUN0017.track.out	Thor	24-Oct-2011
0018	WEBER_2011_original	1	50	0	50	0.2500	0.5000	0.0100	0	3600	0.08000	12.50000	500000	1	1	RUN0018.csh	RUN0018.data.out	RUN0018.track.out	Thor	24-Oct-2011
0019	WEBER_2011_original	1	50	0	50	0.2500	0.5000	50.0000	0	3600	0.08000	12.50000	500000	1	1	RUN0019.csh	RUN0019.data.out	RUN0019.track.out	Thor	24-Oct-2011
0020	WEBER_2011_original	1	50	0	50	0.2500	0.5000	1000.0000	0	3600	0.08000	12.50000	500000	1	1	RUN0020.csh	RUN0020.data.out	RUN0020.track.out	Thor	24-Oct-2011
0021	VPREMOON_mod	1	10	0	10	0.2500	0.5000	0.0100	0	3600	0.08000	12.50000	500000	1	1	RUN0021.csh	RUN0021.data.out	RUN0021.track.out	Thor	24-Oct-2011
0022	VPREMOON_mod	1	10	0	10	0.2500	0.5000	50.0000	0	3600	0.08000	12.50000	500000	1	1	RUN0022.csh	RUN0022.data.out	RUN0022.track.out	Thor	24-Oct-2011
0023	VPREMOON_mod	1	10	0	10	0.2500	0.5000	1000.0000	0	3600	0.08000	12.50000	500000	1	1	RUN0023.csh	RUN0023.data.out	RUN0023.track.out	Thor	24-Oct-2011
0024	VPREMOON_mod	1	10	0	10	0.2500	0.5000	0.0100	0	3600	0.15000	6.66667	5000000	1	1	RUN0024.csh	RUN0024.data.out	RUN0024.track.out	Thor	25-Oct-2011
0025	VPREMOON_mod	1	10	0	10	0.2500	0.5000	0.0100	0	3600	0.08000	12.50000	5000000	1	1	RUN0025.csh	RUN0025.data.out	RUN0025.track.out	Thor	25-Oct-2011
