     0.00000  1737.00000     8.00000     4.55000     3.39800    4500.00
    10.41667  1726.58337     8.00000     4.55000     3.39800    4500.00
    20.83334  1716.16675     8.00000     4.55000     3.39800    4500.00
    31.25000  1705.75000     8.00000     4.55000     3.39800    4500.00
    41.66667  1695.33337     8.00000     4.55000     3.39800    4500.00
    52.08334  1684.91675     8.00000     4.55000     3.39800    4500.00
    62.50001  1674.50000     8.00000     4.55000     3.39800    4500.00
    72.91667  1664.08325     8.00000     4.55000     3.39800    4500.00
    83.33334  1653.66663     8.00000     4.55000     3.39800    4500.00
    93.75001  1643.25000     8.00000     4.55000     3.39800    4500.00
   104.16667  1632.83325     8.00000     4.55000     3.39800    4500.00
   114.58334  1622.41663     8.00000     4.55000     3.39800    4500.00
   125.00000  1612.00000     8.00000     4.55000     3.39800    4500.00
   135.41667  1601.58337     8.00000     4.55000     3.39800    4500.00
   145.83334  1591.16675     8.00000     4.55000     3.39800    4500.00
   156.25000  1580.75000     8.00000     4.55000     3.39800    4500.00
   166.66667  1570.33337     8.00000     4.55000     3.39800    4500.00
   177.08334  1559.91675     8.00000     4.55000     3.39800    4500.00
   187.50000  1549.50000     8.00000     4.55000     3.39800    4500.00
   197.91666  1539.08325     8.00000     4.55000     3.39800    4500.00
   208.33333  1528.66663     8.00000     4.55000     3.39800    4500.00
   218.75000  1518.25000     8.00000     4.55000     3.39800    4500.00
   229.16666  1507.83325     8.00000     4.55000     3.39800    4500.00
   239.58333  1497.41663     8.00000     4.55000     3.39800    4500.00
   250.00000  1487.00000     8.00000     4.55000     3.39800    4500.00
   260.41666  1476.58337     8.00000     4.55000     3.39800    4500.00
   270.83331  1466.16675     8.00000     4.55000     3.39800    4500.00
   281.25000  1455.75000     8.00000     4.55000     3.39800    4500.00
   291.66666  1445.33337     8.00000     4.55000     3.39800    4500.00
   302.08331  1434.91675     8.00000     4.55000     3.39800    4500.00
   312.50000  1424.50000     8.00000     4.55000     3.39800    4500.00
   322.91669  1414.08325     8.00000     4.55000     3.39800    4500.00
   333.33334  1403.66663     8.00000     4.55000     3.39800    4500.00
   343.75000  1393.25000     8.00000     4.55000     3.39800    4500.00
   354.16669  1382.83325     8.00000     4.55000     3.39800    4500.00
   364.58334  1372.41663     8.00000     4.55000     3.39800    4500.00
   375.00000  1362.00000     8.00000     4.55000     3.39800    4500.00
   385.41666  1351.58337     8.00000     4.55000     3.39800    4500.00
   395.83331  1341.16675     8.00000     4.55000     3.39800    4500.00
   406.25000  1330.75000     8.00000     4.55000     3.39800    4500.00
   416.66666  1320.33337     8.00000     4.55000     3.39800    4500.00
   427.08331  1309.91675     8.00000     4.55000     3.39800    4500.00
   437.50000  1299.50000     8.00000     4.55000     3.39800    4500.00
   447.91669  1289.08325     8.00000     4.55000     3.39800    4500.00
   458.33334  1278.66663     8.00000     4.55000     3.39800    4500.00
   468.75000  1268.25000     8.00000     4.55000     3.39800    4500.00
   479.16669  1257.83325     8.00000     4.55000     3.39800    4500.00
   489.58334  1247.41663     8.00000     4.55000     3.39800    4500.00
   500.00000  1237.00000     8.00000     4.55000     3.39800    4500.00
   510.41669  1226.58337     8.00000     4.55000     3.39800    4500.00
   520.83337  1216.16675     8.00000     4.55000     3.39800    4500.00
   531.25000  1205.75000     8.00000     4.55000     3.39800    4500.00
   541.66669  1195.33337     8.00000     4.55000     3.39800    4500.00
   552.08337  1184.91675     8.00000     4.55000     3.39800    4500.00
   562.50000  1174.50000     8.00000     4.55000     3.39800    4500.00
   572.91663  1164.08325     8.00000     4.55000     3.39800    4500.00
   583.33331  1153.66663     8.00000     4.55000     3.39800    4500.00
   593.75000  1143.25000     8.00000     4.55000     3.39800    4500.00
   604.16663  1132.83325     8.00000     4.55000     3.39800    4500.00
   614.58331  1122.41663     8.00000     4.55000     3.39800    4500.00
   625.00000  1112.00000     8.00000     4.55000     3.39800    4500.00
   635.41669  1101.58337     8.00000     4.55000     3.39800    4500.00
   645.83337  1091.16675     8.00000     4.55000     3.39800    4500.00
   656.25000  1080.75000     8.00000     4.55000     3.39800    4500.00
   666.66669  1070.33337     8.00000     4.55000     3.39800    4500.00
   677.08337  1059.91675     8.00000     4.55000     3.39800    4500.00
   687.50000  1049.50000     8.00000     4.55000     3.39800    4500.00
   697.91663  1039.08325     8.00000     4.55000     3.39800    4500.00
   708.33331  1028.66663     8.00000     4.55000     3.39800    4500.00
   718.75000  1018.25000     8.00000     4.55000     3.39800    4500.00
   729.16663  1007.83331     8.00000     4.55000     3.39800    4500.00
   739.58331   997.41663     8.00000     4.55000     3.39800    4500.00
   750.00000   987.00000     8.00000     4.55000     3.39800    4500.00
   760.41663   976.58337     8.00000     4.55000     3.39800    4500.00
   770.83331   966.16669     8.00000     4.55000     3.39800    4500.00
   781.25000   955.75000     8.00000     4.55000     3.39800    4500.00
   791.66663   945.33337     8.00000     4.55000     3.39800    4500.00
   802.08331   934.91669     8.00000     4.55000     3.39800    4500.00
   812.50000   924.50000     8.00000     4.55000     3.39800    4500.00
   822.91669   914.08331     8.00000     4.55000     3.39800    4500.00
   833.33337   903.66663     8.00000     4.55000     3.39800    4500.00
   843.75000   893.25000     8.00000     4.55000     3.39800    4500.00
   854.16669   882.83331     8.00000     4.55000     3.39800    4500.00
   864.58337   872.41663     8.00000     4.55000     3.39800    4500.00
   875.00000   862.00000     8.00000     4.55000     3.39800    4500.00
   885.41663   851.58337     8.00000     4.55000     3.39800    4500.00
   895.83331   841.16669     8.00000     4.55000     3.39800    4500.00
   906.25000   830.75000     8.00000     4.55000     3.39800    4500.00
   916.66663   820.33337     8.00000     4.55000     3.39800    4500.00
   927.08331   809.91669     8.00000     4.55000     3.39800    4500.00
   937.50000   799.50000     8.00000     4.55000     3.39800    4500.00
   947.91669   789.08331     8.00000     4.55000     3.39800    4500.00
   958.33337   778.66663     8.00000     4.55000     3.39800    4500.00
   966.66669   770.33331     8.00000     4.55000     3.39800    4500.00
   975.00000   762.00000     8.00000     4.55000     3.39800    4500.00
   983.33337   753.66663     8.00000     4.55000     3.39800    4500.00
   991.66669   745.33331     8.00000     4.55000     3.39800    4500.00
  1000.00000   737.00000     8.00000     4.55000     3.39800    4500.00
  1008.73999   728.26001     8.00000     4.55000     3.39800    4500.00
  1017.47998   719.52002     8.00000     4.55000     3.39800    4500.00
  1026.21997   710.77997     8.00000     4.55000     3.39800    4500.00
  1034.95996   702.03998     8.00000     4.55000     3.39800    4500.00
  1043.69995   693.29999     8.00000     4.55000     3.39800    4500.00
  1052.43994   684.56000     8.00000     4.55000     3.39800    4500.00
  1061.17993   675.82001     8.00000     4.55000     3.39800    4500.00
  1069.92004   667.07996     8.00000     4.55000     3.39800    4500.00
  1078.66003   658.33997     8.00000     4.55000     3.39800    4500.00
  1087.40002   649.59998     8.00000     4.55000     3.39800    4500.00
  1094.68335   642.31665     8.00000     4.55000     3.39800    4500.00
  1101.96667   635.03333     8.00000     4.55000     3.39800    4500.00
  1109.25000   627.75000     8.00000     4.55000     3.39800    4500.00
  1116.53333   620.46667     8.00000     4.55000     3.39800    4500.00
  1123.81665   613.18335     8.00000     4.55000     3.39800    4500.00
  1131.09998   605.90002     8.00000     4.55000     3.39800    4500.00
  1138.38330   598.61670     8.00000     4.55000     3.39800    4500.00
  1145.66663   591.33337     8.00000     4.55000     3.39800    4500.00
  1152.94995   584.05005     8.00000     4.55000     3.39800    4500.00
  1160.23340   576.76666     8.00000     4.55000     3.39800    4500.00
  1167.51672   569.48334     8.00000     4.55000     3.39800    4500.00
  1174.80005   562.20001     8.00000     4.55000     3.39800    4500.00
  1181.04285   555.95715     8.00000     4.55000     3.39800    4500.00
  1187.28577   549.71429     8.00000     4.55000     3.39800    4500.00
  1193.52856   543.47144     8.00000     4.55000     3.39800    4500.00
  1199.77148   537.22858     8.00000     4.55000     3.39800    4500.00
  1206.01428   530.98572     8.00000     4.55000     3.39800    4500.00
  1212.25720   524.74286     8.00000     4.55000     3.39800    4500.00
  1218.50000   518.50000     8.00000     4.55000     3.39800    4500.00
  1224.74280   512.25714     8.00000     4.55000     3.39800    4500.00
  1230.98572   506.01428     8.00000     4.55000     3.39800    4500.00
  1237.22852   499.77142     8.00000     4.55000     3.39800    4500.00
  1243.47144   493.52856     8.00000     4.55000     3.39800    4500.00
  1249.71423   487.28571     8.00000     4.55000     3.39800    4500.00
  1255.95715   481.04285     8.00000     4.55000     3.39800    4500.00
  1262.19995   474.79999     8.00000     4.55000     3.39800    4500.00
  1267.66248   469.33749     8.00000     4.55000     3.39800    4500.00
  1273.12500   463.87500     8.00000     4.55000     3.39800    4500.00
  1278.58752   458.41251     8.00000     4.55000     3.39800    4500.00
  1284.05005   452.95001     8.00000     4.55000     3.39800    4500.00
  1289.51245   447.48749     8.00000     4.55000     3.39800    4500.00
  1294.97498   442.02499     8.00000     4.55000     3.39800    4500.00
  1300.43750   436.56250     8.00000     4.55000     3.39800    4500.00
  1305.90002   431.10001     8.00000     4.55000     3.39800    4500.00
  1310.75562   426.24445     8.00000     4.55000     3.39800    4500.00
  1315.61108   421.38889     8.00000     4.55000     3.39800    4500.00
  1320.46667   416.53333     8.00000     4.55000     3.39800    4500.00
  1325.32227   411.67776     8.00000     4.55000     3.39800    4500.00
  1330.17773   406.82224     8.00000     4.55000     3.39800    4500.00
  1335.03333   401.96667     8.00000     4.55000     3.39800    4500.00
  1339.88892   397.11111     8.00000     4.55000     3.39800    4500.00
  1344.74438   392.25555     8.00000     4.55000     3.39800    4500.00
  1349.59998   387.39999     8.00000     4.55000     3.39800    4500.00
  1353.96997   383.03000     8.00000     4.55000     3.39800    4500.00
  1358.33997   378.66000     8.00000     4.55000     3.39800    4500.00
  1362.70996   374.29001     8.00000     4.55000     3.39800    4500.00
  1367.07996   369.92001     8.00000     4.55000     3.39800    4500.00
  1371.44995   365.54999     8.00000     4.55000     3.39800    4500.00
  1375.82007   361.17999     8.00000     4.55000     3.39800    4500.00
  1380.19006   356.81000     8.00000     4.55000     3.39800    4500.00
  1384.56006   352.44000     8.00000     4.55000     3.39800    4500.00
  1388.93005   348.07001     8.00000     4.55000     3.39800    4500.00
  1393.30005   343.70001     8.00000     4.55000     3.39800    4500.00
  1396.94165   340.05835     8.00000     4.55000     3.39800    4500.00
  1400.58337   336.41669     8.00000     4.55000     3.39800    4500.00
  1404.22510   332.77502     8.00000     4.55000     3.39800    4500.00
  1407.86670   329.13333     8.00000     4.55000     3.39800    4500.00
  1411.50830   325.49167     8.00000     4.55000     3.39800    4500.00
  1415.15002   321.85001     8.00000     4.55000     3.39800    4500.00
  1418.79175   318.20834     8.00000     4.55000     3.39800    4500.00
  1422.43335   314.56668     8.00000     4.55000     3.39800    4500.00
  1426.07495   310.92499     8.00000     4.55000     3.39800    4500.00
  1429.71667   307.28333     8.00000     4.55000     3.39800    4500.00
  1433.35840   303.64166     8.00000     4.55000     3.39800    4500.00
  1437.00000   300.00000     8.00000     4.55000     3.39800    4500.00
  1437.00000   300.00000     6.00000     3.00000     7.00000    4500.00
  1440.29675   296.70331     6.00000     3.00000     7.00000    4500.00
  1443.59338   293.40659     6.00000     3.00000     7.00000    4500.00
  1446.89014   290.10989     6.00000     3.00000     7.00000    4500.00
  1450.18677   286.81317     6.00000     3.00000     7.00000    4500.00
  1453.48352   283.51648     6.00000     3.00000     7.00000    4500.00
  1456.78027   280.21979     6.00000     3.00000     7.00000    4500.00
  1460.07690   276.92307     6.00000     3.00000     7.00000    4500.00
  1463.37366   273.62637     6.00000     3.00000     7.00000    4500.00
  1466.67041   270.32968     6.00000     3.00000     7.00000    4500.00
  1469.96704   267.03296     6.00000     3.00000     7.00000    4500.00
  1473.26379   263.73627     6.00000     3.00000     7.00000    4500.00
  1476.56042   260.43954     6.00000     3.00000     7.00000    4500.00
  1479.85718   257.14285     6.00000     3.00000     7.00000    4500.00
  1482.71436   254.28571     6.00000     3.00000     7.00000    4500.00
  1485.57141   251.42857     6.00000     3.00000     7.00000    4500.00
  1488.42859   248.57143     6.00000     3.00000     7.00000    4500.00
  1491.28577   245.71428     6.00000     3.00000     7.00000    4500.00
  1494.14282   242.85713     6.00000     3.00000     7.00000    4500.00
  1497.00000   240.00000     6.00000     3.00000     7.00000    4500.00
  1499.85718   237.14285     6.00000     3.00000     7.00000    4500.00
  1502.71423   234.28571     6.00000     3.00000     7.00000    4500.00
  1505.57141   231.42856     6.00000     3.00000     7.00000    4500.00
  1508.42859   228.57143     6.00000     3.00000     7.00000    4500.00
  1511.28564   225.71428     6.00000     3.00000     7.00000    4500.00
  1514.14282   222.85713     6.00000     3.00000     7.00000    4500.00
  1517.00000   219.99998     6.00000     3.00000     7.00000    4500.00
  1519.85706   217.14285     6.00000     3.00000     7.00000    4500.00
  1522.71423   214.28571     6.00000     3.00000     7.00000    4500.00
  1524.96985   212.03006     6.00000     3.00000     7.00000    4500.00
  1527.22546   209.77443     6.00000     3.00000     7.00000    4500.00
  1529.48120   207.51878     6.00000     3.00000     7.00000    4500.00
  1531.73682   205.26315     6.00000     3.00000     7.00000    4500.00
  1533.99243   203.00751     6.00000     3.00000     7.00000    4500.00
  1536.24805   200.75188     6.00000     3.00000     7.00000    4500.00
  1538.50366   198.49623     6.00000     3.00000     7.00000    4500.00
  1540.75940   196.24060     6.00000     3.00000     7.00000    4500.00
  1543.01501   193.98495     6.00000     3.00000     7.00000    4500.00
  1545.27063   191.72932     6.00000     3.00000     7.00000    4500.00
  1547.52625   189.47368     6.00000     3.00000     7.00000    4500.00
  1549.78198   187.21805     6.00000     3.00000     7.00000    4500.00
  1552.03760   184.96240     6.00000     3.00000     7.00000    4500.00
  1554.29321   182.70676     6.00000     3.00000     7.00000    4500.00
  1556.54883   180.45113     6.00000     3.00000     7.00000    4500.00
  1558.80444   178.19550     6.00000     3.00000     7.00000    4500.00
  1561.06018   175.93985     6.00000     3.00000     7.00000    4500.00
  1563.31580   173.68422     6.00000     3.00000     7.00000    4500.00
  1565.57141   171.42857     6.00000     3.00000     7.00000    4500.00
  1567.35718   169.64285     6.00000     3.00000     7.00000    4500.00
  1569.14282   167.85715     6.00000     3.00000     7.00000    4500.00
  1570.92859   166.07143     6.00000     3.00000     7.00000    4500.00
  1572.71423   164.28572     6.00000     3.00000     7.00000    4500.00
  1574.50000   162.50000     6.00000     3.00000     7.00000    4500.00
  1576.28564   160.71429     6.00000     3.00000     7.00000    4500.00
  1578.07141   158.92857     6.00000     3.00000     7.00000    4500.00
  1579.85718   157.14285     6.00000     3.00000     7.00000    4500.00
  1581.64282   155.35715     6.00000     3.00000     7.00000    4500.00
  1583.42859   153.57143     6.00000     3.00000     7.00000    4500.00
  1585.21423   151.78572     6.00000     3.00000     7.00000    4500.00
  1587.00000   150.00000     6.00000     3.00000     7.00000    4500.00
  1588.78577   148.21428     6.00000     3.00000     7.00000    4500.00
  1590.57141   146.42857     6.00000     3.00000     7.00000    4500.00
  1592.35718   144.64285     6.00000     3.00000     7.00000    4500.00
  1594.14282   142.85715     6.00000     3.00000     7.00000    4500.00
  1595.92859   141.07143     6.00000     3.00000     7.00000    4500.00
  1597.71436   139.28571     6.00000     3.00000     7.00000    4500.00
  1599.50000   137.50000     6.00000     3.00000     7.00000    4500.00
  1601.28577   135.71428     6.00000     3.00000     7.00000    4500.00
  1603.07141   133.92857     6.00000     3.00000     7.00000    4500.00
  1604.85718   132.14285     6.00000     3.00000     7.00000    4500.00
  1606.64282   130.35715     6.00000     3.00000     7.00000    4500.00
  1608.42859   128.57143     6.00000     3.00000     7.00000    4500.00
  1609.76782   127.23214     6.00000     3.00000     7.00000    4500.00
  1611.10718   125.89285     6.00000     3.00000     7.00000    4500.00
  1612.44641   124.55357     6.00000     3.00000     7.00000    4500.00
  1613.78577   123.21428     6.00000     3.00000     7.00000    4500.00
  1615.12500   121.87500     6.00000     3.00000     7.00000    4500.00
  1616.46436   120.53571     6.00000     3.00000     7.00000    4500.00
  1617.80359   119.19643     6.00000     3.00000     7.00000    4500.00
  1619.14282   117.85714     6.00000     3.00000     7.00000    4500.00
  1620.48218   116.51785     6.00000     3.00000     7.00000    4500.00
  1621.82141   115.17857     6.00000     3.00000     7.00000    4500.00
  1623.16077   113.83928     6.00000     3.00000     7.00000    4500.00
  1624.50000   112.50000     6.00000     3.00000     7.00000    4500.00
  1625.83936   111.16071     6.00000     3.00000     7.00000    4500.00
  1627.17859   109.82143     6.00000     3.00000     7.00000    4500.00
  1628.51794   108.48214     6.00000     3.00000     7.00000    4500.00
  1629.85718   107.14285     6.00000     3.00000     7.00000    4500.00
  1631.19641   105.80357     6.00000     3.00000     7.00000    4500.00
  1632.53577   104.46428     6.00000     3.00000     7.00000    4500.00
  1633.87500   103.12500     6.00000     3.00000     7.00000    4500.00
  1635.21436   101.78571     6.00000     3.00000     7.00000    4500.00
  1636.55359   100.44643     6.00000     3.00000     7.00000    4500.00
  1637.89294    99.10714     6.00000     3.00000     7.00000    4500.00
  1639.23218    97.76785     6.00000     3.00000     7.00000    4500.00
  1640.57153    96.42857     6.00000     3.00000     7.00000    4500.00
  1641.91077    95.08928     6.00000     3.00000     7.00000    4500.00
  1643.25000    93.74999     6.00000     3.00000     7.00000    4500.00
  1644.58936    92.41071     6.00000     3.00000     7.00000    4500.00
  1645.92859    91.07143     6.00000     3.00000     7.00000    4500.00
  1647.26794    89.73213     6.00000     3.00000     7.00000    4500.00
  1648.60718    88.39285     6.00000     3.00000     7.00000    4500.00
  1649.94653    87.05357     6.00000     3.00000     7.00000    4500.00
  1651.28577    85.71428     6.00000     3.00000     7.00000    4500.00
  1652.16040    84.83965     6.00000     3.00000     7.00000    4500.00
  1653.03503    83.96501     6.00000     3.00000     7.00000    4500.00
  1653.90967    83.09037     6.00000     3.00000     7.00000    4500.00
  1654.78430    82.21574     6.00000     3.00000     7.00000    4500.00
  1655.65894    81.34110     6.00000     3.00000     7.00000    4500.00
  1656.53357    80.46647     6.00000     3.00000     7.00000    4500.00
  1657.40820    79.59184     6.00000     3.00000     7.00000    4500.00
  1658.28284    78.71719     6.00000     3.00000     7.00000    4500.00
  1659.15747    77.84256     6.00000     3.00000     7.00000    4500.00
  1660.03210    76.96793     6.00000     3.00000     7.00000    4500.00
  1660.90674    76.09329     6.00000     3.00000     7.00000    4500.00
  1661.78137    75.21866     6.00000     3.00000     7.00000    4500.00
  1662.65601    74.34402     6.00000     3.00000     7.00000    4500.00
  1663.53064    73.46938     6.00000     3.00000     7.00000    4500.00
  1664.40527    72.59475     6.00000     3.00000     7.00000    4500.00
  1665.27991    71.72012     6.00000     3.00000     7.00000    4500.00
  1666.15454    70.84548     6.00000     3.00000     7.00000    4500.00
  1667.02917    69.97085     6.00000     3.00000     7.00000    4500.00
  1667.90381    69.09621     6.00000     3.00000     7.00000    4500.00
  1668.77844    68.22157     6.00000     3.00000     7.00000    4500.00
  1669.65308    67.34694     6.00000     3.00000     7.00000    4500.00
  1670.52771    66.47231     6.00000     3.00000     7.00000    4500.00
  1671.40234    65.59767     6.00000     3.00000     7.00000    4500.00
  1672.27698    64.72304     6.00000     3.00000     7.00000    4500.00
  1673.15161    63.84840     6.00000     3.00000     7.00000    4500.00
  1674.02625    62.97376     6.00000     3.00000     7.00000    4500.00
  1674.90088    62.09913     6.00000     3.00000     7.00000    4500.00
  1675.77551    61.22449     6.00000     3.00000     7.00000    4500.00
  1676.65015    60.34986     6.00000     3.00000     7.00000    4500.00
  1677.52478    59.47522     6.00000     3.00000     7.00000    4500.00
  1678.39941    58.60059     6.00000     3.00000     7.00000    4500.00
  1679.27405    57.72595     6.00000     3.00000     7.00000    4500.00
  1680.14868    56.85131     6.00000     3.00000     7.00000    4500.00
  1681.02332    55.97668     6.00000     3.00000     7.00000    4500.00
  1681.89795    55.10204     6.00000     3.00000     7.00000    4500.00
  1682.77258    54.22741     6.00000     3.00000     7.00000    4500.00
  1683.64722    53.35278     6.00000     3.00000     7.00000    4500.00
  1684.52185    52.47814     6.00000     3.00000     7.00000    4500.00
  1685.39648    51.60350     6.00000     3.00000     7.00000    4500.00
  1686.27112    50.72887     6.00000     3.00000     7.00000    4500.00
  1687.14575    49.85423     6.00000     3.00000     7.00000    4500.00
  1688.02039    48.97960     6.00000     3.00000     7.00000    4500.00
  1688.89502    48.10496     6.00000     3.00000     7.00000    4500.00
  1689.76965    47.23033     6.00000     3.00000     7.00000    4500.00
  1690.64429    46.35569     6.00000     3.00000     7.00000    4500.00
  1691.51892    45.48106     6.00000     3.00000     7.00000    4500.00
  1692.39355    44.60642     6.00000     3.00000     7.00000    4500.00
  1693.26819    43.73179     6.00000     3.00000     7.00000    4500.00
  1694.14282    42.85715     6.00000     3.00000     7.00000    4500.00
  1694.24292    42.75702     6.00000     3.00000     7.00000    4500.00
  1694.34314    42.65688     6.00000     3.00000     7.00000    4500.00
  1694.44324    42.55675     6.00000     3.00000     7.00000    4500.00
  1694.54333    42.45662     6.00000     3.00000     7.00000    4500.00
  1694.64343    42.35648     6.00000     3.00000     7.00000    4500.00
  1694.74365    42.25635     6.00000     3.00000     7.00000    4500.00
  1694.84375    42.15622     6.00000     3.00000     7.00000    4500.00
  1694.94385    42.05608     6.00000     3.00000     7.00000    4500.00
  1695.04407    41.95595     6.00000     3.00000     7.00000    4500.00
  1695.14417    41.85582     6.00000     3.00000     7.00000    4500.00
  1695.24426    41.75568     6.00000     3.00000     7.00000    4500.00
  1695.34448    41.65555     6.00000     3.00000     7.00000    4500.00
  1695.44458    41.55542     6.00000     3.00000     7.00000    4500.00
  1695.54468    41.45528     6.00000     3.00000     7.00000    4500.00
  1695.64478    41.35515     6.00000     3.00000     7.00000    4500.00
  1695.74500    41.25502     6.00000     3.00000     7.00000    4500.00
  1695.84509    41.15488     6.00000     3.00000     7.00000    4500.00
  1695.94519    41.05475     6.00000     3.00000     7.00000    4500.00
  1696.04541    40.95461     6.00000     3.00000     7.00000    4500.00
  1696.14551    40.85448     6.00000     3.00000     7.00000    4500.00
  1696.24561    40.75435     6.00000     3.00000     7.00000    4500.00
  1696.34570    40.65421     6.00000     3.00000     7.00000    4500.00
  1696.44592    40.55408     6.00000     3.00000     7.00000    4500.00
  1696.54602    40.45395     6.00000     3.00000     7.00000    4500.00
  1696.64612    40.35381     6.00000     3.00000     7.00000    4500.00
  1696.74634    40.25368     6.00000     3.00000     7.00000    4500.00
  1696.84644    40.15355     6.00000     3.00000     7.00000    4500.00
  1696.94653    40.05341     6.00000     3.00000     7.00000    4500.00
  1697.04675    39.95328     6.00000     3.00000     7.00000    4500.00
  1697.14685    39.85315     6.00000     3.00000     7.00000    4500.00
  1697.24695    39.75301     6.00000     3.00000     7.00000    4500.00
  1697.34705    39.65288     6.00000     3.00000     7.00000    4500.00
  1697.44727    39.55275     6.00000     3.00000     7.00000    4500.00
  1697.54736    39.45261     6.00000     3.00000     7.00000    4500.00
  1697.64746    39.35248     6.00000     3.00000     7.00000    4500.00
  1697.74768    39.25234     6.00000     3.00000     7.00000    4500.00
  1697.84778    39.15221     6.00000     3.00000     7.00000    4500.00
  1697.94788    39.05208     6.00000     3.00000     7.00000    4500.00
  1698.04797    38.95194     6.00000     3.00000     7.00000    4500.00
  1698.14819    38.85181     6.00000     3.00000     7.00000    4500.00
  1698.24829    38.75167     6.00000     3.00000     7.00000    4500.00
  1698.34839    38.65154     6.00000     3.00000     7.00000    4500.00
  1698.44861    38.55141     6.00000     3.00000     7.00000    4500.00
  1698.54871    38.45127     6.00000     3.00000     7.00000    4500.00
  1698.64880    38.35114     6.00000     3.00000     7.00000    4500.00
  1698.74902    38.25101     6.00000     3.00000     7.00000    4500.00
  1698.84912    38.15088     6.00000     3.00000     7.00000    4500.00
  1698.94922    38.05074     6.00000     3.00000     7.00000    4500.00
  1699.04932    37.95061     6.00000     3.00000     7.00000    4500.00
  1699.14954    37.85048     6.00000     3.00000     7.00000    4500.00
  1699.24963    37.75034     6.00000     3.00000     7.00000    4500.00
  1699.34973    37.65021     6.00000     3.00000     7.00000    4500.00
  1699.44995    37.55008     6.00000     3.00000     7.00000    4500.00
  1699.55005    37.44994     6.00000     3.00000     7.00000    4500.00
  1699.65015    37.34981     6.00000     3.00000     7.00000    4500.00
  1699.75024    37.24967     6.00000     3.00000     7.00000    4500.00
  1699.85046    37.14954     6.00000     3.00000     7.00000    4500.00
  1699.95056    37.04941     6.00000     3.00000     7.00000    4500.00
  1700.05066    36.94927     6.00000     3.00000     7.00000    4500.00
  1700.15088    36.84914     6.00000     3.00000     7.00000    4500.00
  1700.25098    36.74900     6.00000     3.00000     7.00000    4500.00
  1700.35107    36.64887     6.00000     3.00000     7.00000    4500.00
  1700.45129    36.54874     6.00000     3.00000     7.00000    4500.00
  1700.55139    36.44860     6.00000     3.00000     7.00000    4500.00
  1700.65149    36.34847     6.00000     3.00000     7.00000    4500.00
  1700.75159    36.24834     6.00000     3.00000     7.00000    4500.00
  1700.85181    36.14820     6.00000     3.00000     7.00000    4500.00
  1700.95190    36.04807     6.00000     3.00000     7.00000    4500.00
  1701.05200    35.94794     6.00000     3.00000     7.00000    4500.00
  1701.15222    35.84781     6.00000     3.00000     7.00000    4500.00
  1701.25232    35.74767     6.00000     3.00000     7.00000    4500.00
  1701.35242    35.64754     6.00000     3.00000     7.00000    4500.00
  1701.45251    35.54740     6.00000     3.00000     7.00000    4500.00
  1701.55273    35.44727     6.00000     3.00000     7.00000    4500.00
  1701.65283    35.34714     6.00000     3.00000     7.00000    4500.00
  1701.75293    35.24700     6.00000     3.00000     7.00000    4500.00
  1701.85315    35.14687     6.00000     3.00000     7.00000    4500.00
  1701.95325    35.04674     6.00000     3.00000     7.00000    4500.00
  1702.05334    34.94660     6.00000     3.00000     7.00000    4500.00
  1702.15356    34.84647     6.00000     3.00000     7.00000    4500.00
  1702.25366    34.74633     6.00000     3.00000     7.00000    4500.00
  1702.35376    34.64620     6.00000     3.00000     7.00000    4500.00
  1702.45386    34.54607     6.00000     3.00000     7.00000    4500.00
  1702.55408    34.44593     6.00000     3.00000     7.00000    4500.00
  1702.65417    34.34580     6.00000     3.00000     7.00000    4500.00
  1702.75427    34.24567     6.00000     3.00000     7.00000    4500.00
  1702.85449    34.14553     6.00000     3.00000     7.00000    4500.00
  1702.95459    34.04540     6.00000     3.00000     7.00000    4500.00
  1703.05469    33.94527     6.00000     3.00000     7.00000    4500.00
  1703.15479    33.84513     6.00000     3.00000     7.00000    4500.00
  1703.25500    33.74500     6.00000     3.00000     7.00000    4500.00
  1703.35510    33.64487     6.00000     3.00000     7.00000    4500.00
  1703.45520    33.54473     6.00000     3.00000     7.00000    4500.00
  1703.55542    33.44460     6.00000     3.00000     7.00000    4500.00
  1703.65552    33.34447     6.00000     3.00000     7.00000    4500.00
  1703.75562    33.24433     6.00000     3.00000     7.00000    4500.00
  1703.85583    33.14420     6.00000     3.00000     7.00000    4500.00
  1703.95593    33.04406     6.00000     3.00000     7.00000    4500.00
  1704.05603    32.94393     6.00000     3.00000     7.00000    4500.00
  1704.15613    32.84380     6.00000     3.00000     7.00000    4500.00
  1704.25635    32.74366     6.00000     3.00000     7.00000    4500.00
  1704.35645    32.64353     6.00000     3.00000     7.00000    4500.00
  1704.45654    32.54340     6.00000     3.00000     7.00000    4500.00
  1704.55676    32.44326     6.00000     3.00000     7.00000    4500.00
  1704.65686    32.34313     6.00000     3.00000     7.00000    4500.00
  1704.75696    32.24300     6.00000     3.00000     7.00000    4500.00
  1704.85706    32.14286     6.00000     3.00000     7.00000    4500.00
  1704.95728    32.04273     6.00000     3.00000     7.00000    4500.00
  1705.05737    31.94260     6.00000     3.00000     7.00000    4500.00
  1705.15747    31.84246     6.00000     3.00000     7.00000    4500.00
  1705.25769    31.74233     6.00000     3.00000     7.00000    4500.00
  1705.35779    31.64220     6.00000     3.00000     7.00000    4500.00
  1705.45789    31.54206     6.00000     3.00000     7.00000    4500.00
  1705.55811    31.44193     6.00000     3.00000     7.00000    4500.00
  1705.65820    31.34179     6.00000     3.00000     7.00000    4500.00
  1705.75830    31.24166     6.00000     3.00000     7.00000    4500.00
  1705.85840    31.14153     6.00000     3.00000     7.00000    4500.00
  1705.95862    31.04139     6.00000     3.00000     7.00000    4500.00
  1706.05872    30.94126     6.00000     3.00000     7.00000    4500.00
  1706.15881    30.84113     6.00000     3.00000     7.00000    4500.00
  1706.25903    30.74099     6.00000     3.00000     7.00000    4500.00
  1706.35913    30.64086     6.00000     3.00000     7.00000    4500.00
  1706.45923    30.54073     6.00000     3.00000     7.00000    4500.00
  1706.55945    30.44059     6.00000     3.00000     7.00000    4500.00
  1706.65955    30.34046     6.00000     3.00000     7.00000    4500.00
  1706.75964    30.24033     6.00000     3.00000     7.00000    4500.00
  1706.85974    30.14019     6.00000     3.00000     7.00000    4500.00
  1706.95996    30.04006     6.00000     3.00000     7.00000    4500.00
  1707.06006    29.93993     6.00000     3.00000     7.00000    4500.00
  1707.16016    29.83979     6.00000     3.00000     7.00000    4500.00
  1707.26038    29.73966     6.00000     3.00000     7.00000    4500.00
  1707.36047    29.63952     6.00000     3.00000     7.00000    4500.00
  1707.46057    29.53939     6.00000     3.00000     7.00000    4500.00
  1707.56067    29.43926     6.00000     3.00000     7.00000    4500.00
  1707.66089    29.33912     6.00000     3.00000     7.00000    4500.00
  1707.76099    29.23899     6.00000     3.00000     7.00000    4500.00
  1707.86108    29.13886     6.00000     3.00000     7.00000    4500.00
  1707.96130    29.03872     6.00000     3.00000     7.00000    4500.00
  1708.06140    28.93859     6.00000     3.00000     7.00000    4500.00
  1708.16150    28.83846     6.00000     3.00000     7.00000    4500.00
  1708.26172    28.73832     6.00000     3.00000     7.00000    4500.00
  1708.36182    28.63819     6.00000     3.00000     7.00000    4500.00
  1708.46191    28.53806     6.00000     3.00000     7.00000    4500.00
  1708.56201    28.43792     6.00000     3.00000     7.00000    4500.00
  1708.66223    28.33779     6.00000     3.00000     7.00000    4500.00
  1708.76233    28.23766     6.00000     3.00000     7.00000    4500.00
  1708.86243    28.13752     6.00000     3.00000     7.00000    4500.00
  1708.96265    28.03739     6.00000     3.00000     7.00000    4500.00
  1709.06274    27.93726     6.00000     3.00000     7.00000    4500.00
  1709.16284    27.83712     6.00000     3.00000     7.00000    4500.00
  1709.26294    27.73699     6.00000     3.00000     7.00000    4500.00
  1709.36316    27.63685     6.00000     3.00000     7.00000    4500.00
  1709.46326    27.53672     6.00000     3.00000     7.00000    4500.00
  1709.56335    27.43659     6.00000     3.00000     7.00000    4500.00
  1709.66357    27.33645     6.00000     3.00000     7.00000    4500.00
  1709.76367    27.23632     6.00000     3.00000     7.00000    4500.00
  1709.86377    27.13619     6.00000     3.00000     7.00000    4500.00
  1709.96399    27.03605     6.00000     3.00000     7.00000    4500.00
  1710.06409    26.93592     6.00000     3.00000     7.00000    4500.00
  1710.16418    26.83579     6.00000     3.00000     7.00000    4500.00
  1710.26428    26.73565     6.00000     3.00000     7.00000    4500.00
  1710.36450    26.63552     6.00000     3.00000     7.00000    4500.00
  1710.46460    26.53539     6.00000     3.00000     7.00000    4500.00
  1710.56470    26.43525     6.00000     3.00000     7.00000    4500.00
  1710.66492    26.33512     6.00000     3.00000     7.00000    4500.00
  1710.76501    26.23499     6.00000     3.00000     7.00000    4500.00
  1710.86511    26.13485     6.00000     3.00000     7.00000    4500.00
  1710.96521    26.03472     6.00000     3.00000     7.00000    4500.00
  1711.06543    25.93459     6.00000     3.00000     7.00000    4500.00
  1711.16553    25.83445     6.00000     3.00000     7.00000    4500.00
  1711.26563    25.73432     6.00000     3.00000     7.00000    4500.00
  1711.36584    25.63418     6.00000     3.00000     7.00000    4500.00
  1711.46594    25.53405     6.00000     3.00000     7.00000    4500.00
  1711.56604    25.43392     6.00000     3.00000     7.00000    4500.00
  1711.66626    25.33378     6.00000     3.00000     7.00000    4500.00
  1711.76636    25.23365     6.00000     3.00000     7.00000    4500.00
  1711.86646    25.13352     6.00000     3.00000     7.00000    4500.00
  1711.96655    25.03338     6.00000     3.00000     7.00000    4500.00
  1712.06677    24.93325     6.00000     3.00000     7.00000    4500.00
  1712.16687    24.83312     6.00000     3.00000     7.00000    4500.00
  1712.26697    24.73298     6.00000     3.00000     7.00000    4500.00
  1712.36719    24.63285     6.00000     3.00000     7.00000    4500.00
  1712.46729    24.53271     6.00000     3.00000     7.00000    4500.00
  1712.56738    24.43258     6.00000     3.00000     7.00000    4500.00
  1712.66748    24.33245     6.00000     3.00000     7.00000    4500.00
  1712.76770    24.23232     6.00000     3.00000     7.00000    4500.00
  1712.86780    24.13218     6.00000     3.00000     7.00000    4500.00
  1712.96790    24.03205     6.00000     3.00000     7.00000    4500.00
  1713.06812    23.93191     6.00000     3.00000     7.00000    4500.00
  1713.16821    23.83178     6.00000     3.00000     7.00000    4500.00
  1713.26831    23.73165     6.00000     3.00000     7.00000    4500.00
  1713.36853    23.63151     6.00000     3.00000     7.00000    4500.00
  1713.46863    23.53138     6.00000     3.00000     7.00000    4500.00
  1713.56873    23.43125     6.00000     3.00000     7.00000    4500.00
  1713.66882    23.33111     6.00000     3.00000     7.00000    4500.00
  1713.76904    23.23098     6.00000     3.00000     7.00000    4500.00
  1713.86914    23.13085     6.00000     3.00000     7.00000    4500.00
  1713.96924    23.03071     6.00000     3.00000     7.00000    4500.00
  1714.06946    22.93058     6.00000     3.00000     7.00000    4500.00
  1714.16956    22.83044     6.00000     3.00000     7.00000    4500.00
  1714.26965    22.73031     6.00000     3.00000     7.00000    4500.00
  1714.36975    22.63018     6.00000     3.00000     7.00000    4500.00
  1714.46997    22.53004     6.00000     3.00000     7.00000    4500.00
  1714.57007    22.42991     6.00000     3.00000     7.00000    4500.00
  1714.67017    22.32978     6.00000     3.00000     7.00000    4500.00
  1714.77039    22.22964     6.00000     3.00000     7.00000    4500.00
  1714.87048    22.12951     6.00000     3.00000     7.00000    4500.00
  1714.97058    22.02938     6.00000     3.00000     7.00000    4500.00
  1715.07080    21.92924     6.00000     3.00000     7.00000    4500.00
  1715.17090    21.82911     6.00000     3.00000     7.00000    4500.00
  1715.27100    21.72898     6.00000     3.00000     7.00000    4500.00
  1715.37109    21.62884     6.00000     3.00000     7.00000    4500.00
  1715.47131    21.52871     6.00000     3.00000     7.00000    4500.00
  1715.57141    21.42858     6.00000     3.00000     7.00000    4500.00
  1715.67151    21.32844     6.00000     3.00000     7.00000    4500.00
  1715.77173    21.22831     6.00000     3.00000     7.00000    4500.00
  1715.87183    21.12817     6.00000     3.00000     7.00000    4500.00
  1715.97192    21.02804     6.00000     3.00000     7.00000    4500.00
  1716.07202    20.92791     6.00000     3.00000     7.00000    4500.00
  1716.17224    20.82777     6.00000     3.00000     7.00000    4500.00
  1716.27234    20.72764     6.00000     3.00000     7.00000    4500.00
  1716.37244    20.62751     6.00000     3.00000     7.00000    4500.00
  1716.47266    20.52737     6.00000     3.00000     7.00000    4500.00
  1716.57275    20.42724     6.00000     3.00000     7.00000    4500.00
  1716.67285    20.32711     6.00000     3.00000     7.00000    4500.00
  1716.77307    20.22697     6.00000     3.00000     7.00000    4500.00
  1716.87317    20.12684     6.00000     3.00000     7.00000    4500.00
  1716.97327    20.02670     6.00000     3.00000     7.00000    4500.00
  1717.07336    19.92657     6.00000     3.00000     7.00000    4500.00
  1717.17358    19.82644     6.00000     3.00000     7.00000    4500.00
  1717.27368    19.72631     6.00000     3.00000     7.00000    4500.00
  1717.37378    19.62617     6.00000     3.00000     7.00000    4500.00
  1717.47400    19.52604     6.00000     3.00000     7.00000    4500.00
  1717.57410    19.42591     6.00000     3.00000     7.00000    4500.00
  1717.67419    19.32577     6.00000     3.00000     7.00000    4500.00
  1717.77429    19.22564     6.00000     3.00000     7.00000    4500.00
  1717.87451    19.12551     6.00000     3.00000     7.00000    4500.00
  1717.97461    19.02537     6.00000     3.00000     7.00000    4500.00
  1718.07471    18.92524     6.00000     3.00000     7.00000    4500.00
  1718.17493    18.82511     6.00000     3.00000     7.00000    4500.00
  1718.27502    18.72497     6.00000     3.00000     7.00000    4500.00
  1718.37512    18.62484     6.00000     3.00000     7.00000    4500.00
  1718.47534    18.52470     6.00000     3.00000     7.00000    4500.00
  1718.57544    18.42457     6.00000     3.00000     7.00000    4500.00
  1718.67554    18.32444     6.00000     3.00000     7.00000    4500.00
  1718.77563    18.22430     6.00000     3.00000     7.00000    4500.00
  1718.87585    18.12417     6.00000     3.00000     7.00000    4500.00
  1718.97595    18.02404     6.00000     3.00000     7.00000    4500.00
  1719.07605    17.92390     6.00000     3.00000     7.00000    4500.00
  1719.17627    17.82377     6.00000     3.00000     7.00000    4500.00
  1719.27637    17.72364     6.00000     3.00000     7.00000    4500.00
  1719.37646    17.62350     6.00000     3.00000     7.00000    4500.00
  1719.47656    17.52337     6.00000     3.00000     7.00000    4500.00
  1719.57678    17.42323     6.00000     3.00000     7.00000    4500.00
  1719.67688    17.32310     6.00000     3.00000     7.00000    4500.00
  1719.77698    17.22297     6.00000     3.00000     7.00000    4500.00
  1719.87720    17.12283     6.00000     3.00000     7.00000    4500.00
  1719.97729    17.02270     6.00000     3.00000     7.00000    4500.00
  1720.07739    16.92257     6.00000     3.00000     7.00000    4500.00
  1720.17761    16.82243     6.00000     3.00000     7.00000    4500.00
  1720.27771    16.72230     6.00000     3.00000     7.00000    4500.00
  1720.37781    16.62217     6.00000     3.00000     7.00000    4500.00
  1720.47791    16.52203     6.00000     3.00000     7.00000    4500.00
  1720.57813    16.42190     6.00000     3.00000     7.00000    4500.00
  1720.67822    16.32176     6.00000     3.00000     7.00000    4500.00
  1720.77832    16.22163     6.00000     3.00000     7.00000    4500.00
  1720.87854    16.12150     6.00000     3.00000     7.00000    4500.00
  1720.97864    16.02136     6.00000     3.00000     7.00000    4500.00
  1721.07874    15.92123     6.00000     3.00000     7.00000    4500.00
  1721.17883    15.82110     6.00000     3.00000     7.00000    4500.00
  1721.27905    15.72096     6.00000     3.00000     7.00000    4500.00
  1721.37915    15.62083     6.00000     3.00000     7.00000    4500.00
  1721.47925    15.52070     6.00000     3.00000     7.00000    4500.00
  1721.57947    15.42056     6.00000     3.00000     7.00000    4500.00
  1721.67957    15.32043     6.00000     3.00000     7.00000    4500.00
  1721.77966    15.22030     6.00000     3.00000     7.00000    4500.00
  1721.87988    15.12016     6.00000     3.00000     7.00000    4500.00
  1721.97998    15.02003     6.00000     3.00000     7.00000    4500.00
  1722.08008    14.91990     6.00000     3.00000     7.00000    4500.00
  1722.18018    14.81976     6.00000     3.00000     7.00000    4500.00
  1722.28040    14.71963     6.00000     3.00000     7.00000    4500.00
  1722.38049    14.61950     6.00000     3.00000     7.00000    4500.00
  1722.48059    14.51936     6.00000     3.00000     7.00000    4500.00
  1722.58081    14.41923     6.00000     3.00000     7.00000    4500.00
  1722.68091    14.31910     6.00000     3.00000     7.00000    4500.00
  1722.78101    14.21896     6.00000     3.00000     7.00000    4500.00
  1722.88110    14.11883     6.00000     3.00000     7.00000    4500.00
  1722.98132    14.01869     6.00000     3.00000     7.00000    4500.00
  1723.08142    13.91856     6.00000     3.00000     7.00000    4500.00
  1723.18152    13.81843     6.00000     3.00000     7.00000    4500.00
  1723.28174    13.71829     6.00000     3.00000     7.00000    4500.00
  1723.38184    13.61816     6.00000     3.00000     7.00000    4500.00
  1723.48193    13.51803     6.00000     3.00000     7.00000    4500.00
  1723.58215    13.41789     6.00000     3.00000     7.00000    4500.00
  1723.68225    13.31776     6.00000     3.00000     7.00000    4500.00
  1723.78235    13.21763     6.00000     3.00000     7.00000    4500.00
  1723.88245    13.11749     6.00000     3.00000     7.00000    4500.00
  1723.98267    13.01736     6.00000     3.00000     7.00000    4500.00
  1724.08276    12.91722     6.00000     3.00000     7.00000    4500.00
  1724.18286    12.81709     6.00000     3.00000     7.00000    4500.00
  1724.28308    12.71696     6.00000     3.00000     7.00000    4500.00
  1724.38318    12.61683     6.00000     3.00000     7.00000    4500.00
  1724.48328    12.51669     6.00000     3.00000     7.00000    4500.00
  1724.58350    12.41656     6.00000     3.00000     7.00000    4500.00
  1724.68359    12.31643     6.00000     3.00000     7.00000    4500.00
  1724.78369    12.21629     6.00000     3.00000     7.00000    4500.00
  1724.88379    12.11616     6.00000     3.00000     7.00000    4500.00
  1724.98401    12.01602     6.00000     3.00000     7.00000    4500.00
  1725.08411    11.91589     6.00000     3.00000     7.00000    4500.00
  1725.18420    11.81576     6.00000     3.00000     7.00000    4500.00
  1725.28442    11.71562     6.00000     3.00000     7.00000    4500.00
  1725.38452    11.61549     6.00000     3.00000     7.00000    4500.00
  1725.48462    11.51536     6.00000     3.00000     7.00000    4500.00
  1725.58472    11.41522     6.00000     3.00000     7.00000    4500.00
  1725.68494    11.31509     6.00000     3.00000     7.00000    4500.00
  1725.78503    11.21496     6.00000     3.00000     7.00000    4500.00
  1725.88513    11.11482     6.00000     3.00000     7.00000    4500.00
  1725.98535    11.01469     6.00000     3.00000     7.00000    4500.00
  1726.08545    10.91455     6.00000     3.00000     7.00000    4500.00
  1726.18555    10.81442     6.00000     3.00000     7.00000    4500.00
  1726.28564    10.71429     6.00000     3.00000     7.00000    4500.00
  1726.38586    10.61415     6.00000     3.00000     7.00000    4500.00
  1726.48596    10.51402     6.00000     3.00000     7.00000    4500.00
  1726.58606    10.41389     6.00000     3.00000     7.00000    4500.00
  1726.68628    10.31376     6.00000     3.00000     7.00000    4500.00
  1726.78638    10.21362     6.00000     3.00000     7.00000    4500.00
  1726.88647    10.11349     6.00000     3.00000     7.00000    4500.00
  1726.98669    10.01335     6.00000     3.00000     7.00000    4500.00
  1727.08679     9.91322     6.00000     3.00000     7.00000    4500.00
  1727.18689     9.81309     6.00000     3.00000     7.00000    4500.00
  1727.28699     9.71295     6.00000     3.00000     7.00000    4500.00
  1727.38721     9.61282     6.00000     3.00000     7.00000    4500.00
  1727.48730     9.51268     6.00000     3.00000     7.00000    4500.00
  1727.58740     9.41255     6.00000     3.00000     7.00000    4500.00
  1727.68762     9.31242     6.00000     3.00000     7.00000    4500.00
  1727.78772     9.21228     6.00000     3.00000     7.00000    4500.00
  1727.88782     9.11215     6.00000     3.00000     7.00000    4500.00
  1727.98804     9.01202     6.00000     3.00000     7.00000    4500.00
  1728.08813     8.91188     6.00000     3.00000     7.00000    4500.00
  1728.18823     8.81175     6.00000     3.00000     7.00000    4500.00
  1728.28833     8.71162     6.00000     3.00000     7.00000    4500.00
  1728.38855     8.61148     6.00000     3.00000     7.00000    4500.00
  1728.48865     8.51135     6.00000     3.00000     7.00000    4500.00
  1728.58875     8.41122     6.00000     3.00000     7.00000    4500.00
  1728.68896     8.31108     6.00000     3.00000     7.00000    4500.00
  1728.78906     8.21095     6.00000     3.00000     7.00000    4500.00
  1728.88916     8.11082     6.00000     3.00000     7.00000    4500.00
  1728.98926     8.01068     6.00000     3.00000     7.00000    4500.00
  1729.08948     7.91055     6.00000     3.00000     7.00000    4500.00
  1729.18958     7.81041     6.00000     3.00000     7.00000    4500.00
  1729.28967     7.71028     6.00000     3.00000     7.00000    4500.00
  1729.38989     7.61015     6.00000     3.00000     7.00000    4500.00
  1729.48999     7.51001     6.00000     3.00000     7.00000    4500.00
  1729.59009     7.40988     6.00000     3.00000     7.00000    4500.00
  1729.69019     7.30975     6.00000     3.00000     7.00000    4500.00
  1729.79041     7.20961     6.00000     3.00000     7.00000    4500.00
  1729.89050     7.10948     6.00000     3.00000     7.00000    4500.00
  1729.99060     7.00935     6.00000     3.00000     7.00000    4500.00
  1730.09082     6.90921     6.00000     3.00000     7.00000    4500.00
  1730.19092     6.80908     6.00000     3.00000     7.00000    4500.00
  1730.29102     6.70895     6.00000     3.00000     7.00000    4500.00
  1730.39124     6.60881     6.00000     3.00000     7.00000    4500.00
  1730.49133     6.50868     6.00000     3.00000     7.00000    4500.00
  1730.59143     6.40855     6.00000     3.00000     7.00000    4500.00
  1730.69153     6.30841     6.00000     3.00000     7.00000    4500.00
  1730.79175     6.20828     6.00000     3.00000     7.00000    4500.00
  1730.89185     6.10815     6.00000     3.00000     7.00000    4500.00
  1730.99194     6.00801     6.00000     3.00000     7.00000    4500.00
  1731.09216     5.90788     6.00000     3.00000     7.00000    4500.00
  1731.19226     5.80775     6.00000     3.00000     7.00000    4500.00
  1731.29236     5.70761     6.00000     3.00000     7.00000    4500.00
  1731.39258     5.60748     6.00000     3.00000     7.00000    4500.00
  1731.49268     5.50734     6.00000     3.00000     7.00000    4500.00
  1731.59277     5.40721     6.00000     3.00000     7.00000    4500.00
  1731.69287     5.30708     6.00000     3.00000     7.00000    4500.00
  1731.79309     5.20694     6.00000     3.00000     7.00000    4500.00
  1731.89319     5.10681     6.00000     3.00000     7.00000    4500.00
  1731.99329     5.00668     6.00000     3.00000     7.00000    4500.00
  1732.09351     4.90654     6.00000     3.00000     7.00000    4500.00
  1732.19360     4.80641     6.00000     3.00000     7.00000    4500.00
  1732.29370     4.70628     6.00000     3.00000     7.00000    4500.00
  1732.39380     4.60614     6.00000     3.00000     7.00000    4500.00
  1732.49402     4.50601     6.00000     3.00000     7.00000    4500.00
  1732.59412     4.40587     6.00000     3.00000     7.00000    4500.00
  1732.69421     4.30574     6.00000     3.00000     7.00000    4500.00
  1732.79443     4.20561     6.00000     3.00000     7.00000    4500.00
  1732.89453     4.10548     6.00000     3.00000     7.00000    4500.00
  1732.99463     4.00534     6.00000     3.00000     7.00000    4500.00
  1733.09473     3.90521     6.00000     3.00000     7.00000    4500.00
  1733.19495     3.80507     6.00000     3.00000     7.00000    4500.00
  1733.29504     3.70494     6.00000     3.00000     7.00000    4500.00
  1733.39514     3.60480     6.00000     3.00000     7.00000    4500.00
  1733.49536     3.50467     6.00000     3.00000     7.00000    4500.00
  1733.59546     3.40454     6.00000     3.00000     7.00000    4500.00
  1733.69556     3.30441     6.00000     3.00000     7.00000    4500.00
  1733.79578     3.20427     6.00000     3.00000     7.00000    4500.00
  1733.89587     3.10414     6.00000     3.00000     7.00000    4500.00
  1733.99597     3.00401     6.00000     3.00000     7.00000    4500.00
  1734.09607     2.90387     6.00000     3.00000     7.00000    4500.00
  1734.19629     2.80374     6.00000     3.00000     7.00000    4500.00
  1734.29639     2.70361     6.00000     3.00000     7.00000    4500.00
  1734.39648     2.60347     6.00000     3.00000     7.00000    4500.00
  1734.49670     2.50334     6.00000     3.00000     7.00000    4500.00
  1734.59680     2.40321     6.00000     3.00000     7.00000    4500.00
  1734.69690     2.30307     6.00000     3.00000     7.00000    4500.00
  1734.79712     2.20294     6.00000     3.00000     7.00000    4500.00
  1734.89722     2.10280     6.00000     3.00000     7.00000    4500.00
  1734.99731     2.00267     6.00000     3.00000     7.00000    4500.00
  1735.09741     1.90254     6.00000     3.00000     7.00000    4500.00
  1735.19763     1.80240     6.00000     3.00000     7.00000    4500.00
  1735.29773     1.70227     6.00000     3.00000     7.00000    4500.00
  1735.39783     1.60213     6.00000     3.00000     7.00000    4500.00
  1735.49805     1.50200     6.00000     3.00000     7.00000    4500.00
  1735.59814     1.40187     6.00000     3.00000     7.00000    4500.00
  1735.69824     1.30174     6.00000     3.00000     7.00000    4500.00
  1735.79834     1.20160     6.00000     3.00000     7.00000    4500.00
  1735.89856     1.10147     6.00000     3.00000     7.00000    4500.00
  1735.99866     1.00134     6.00000     3.00000     7.00000    4500.00
  1736.09875     0.90120     6.00000     3.00000     7.00000    4500.00
  1736.19897     0.80107     6.00000     3.00000     7.00000    4500.00
  1736.29907     0.70093     6.00000     3.00000     7.00000    4500.00
  1736.39917     0.60080     6.00000     3.00000     7.00000    4500.00
  1736.49939     0.50067     6.00000     3.00000     7.00000    4500.00
  1736.59949     0.40054     6.00000     3.00000     7.00000    4500.00
  1736.69958     0.30040     6.00000     3.00000     7.00000    4500.00
  1736.79968     0.20027     6.00000     3.00000     7.00000    4500.00
  1736.89990     0.10013     6.00000     3.00000     7.00000    4500.00
  1737.00000     0.00000     6.00000     3.00000     7.00000    4500.00
