     0.00000  6370.00000     5.80000     3.20000     2.60000     180.00
    15.00000  6355.00000     5.80000     3.20000     2.60000     180.00
    15.00000  6355.00000     6.80000     3.90000     2.90000     322.00
    24.40000  6345.60010     6.80000     3.90000     2.90000     322.00
    24.40000  6345.60010     8.11000     4.49000     3.38080     322.00
    46.13334  6323.86670     8.16000     4.50667     3.38691     322.00
    67.86668  6302.13330     8.21000     4.52333     3.39302     322.00
    89.60001  6280.39990     8.26000     4.54000     3.39913     322.00
   111.33334  6258.66650     8.31000     4.55667     3.40524     322.00
   133.06668  6236.93359     8.36000     4.57333     3.41136     322.00
   154.80000  6215.20020     8.41000     4.59000     3.41747     322.00
   176.53334  6193.46680     8.46000     4.60667     3.42358     322.00
   198.26666  6171.73340     8.51000     4.62333     3.42969     322.00
   220.00000  6150.00000     8.56000     4.64000     3.43580     322.00
   240.00000  6130.00000     8.59889     4.65444     3.44774     322.00
   260.00000  6110.00000     8.63778     4.66889     3.45969     322.00
   280.00000  6090.00000     8.67667     4.68333     3.47163     322.00
   300.00000  6070.00000     8.71556     4.69778     3.48358     322.00
   320.00000  6050.00000     8.75444     4.71222     3.49552     322.00
   340.00000  6030.00000     8.79333     4.72667     3.50747     322.00
   360.00000  6010.00000     8.83222     4.74111     3.51941     322.00
   380.00000  5990.00000     8.87111     4.75556     3.53136     322.00
   400.00000  5970.00000     8.91000     4.77000     3.54330     322.00
   400.00000  5970.00000     9.13000     4.93000     3.72380     322.00
   422.22223  5947.77783     9.24444     4.99556     3.75180     322.00
   444.44443  5925.55566     9.35889     5.06111     3.77980     322.00
   466.66666  5903.33350     9.47333     5.12667     3.80780     322.00
   488.88889  5881.11133     9.58778     5.19222     3.83580     322.00
   511.11108  5858.88867     9.70222     5.25778     3.86380     322.00
   533.33331  5836.66650     9.81667     5.32333     3.89180     322.00
   555.55554  5814.44434     9.93111     5.38889     3.91980     322.00
   577.77777  5792.22217    10.04556     5.45444     3.94780     322.00
   600.00000  5770.00000    10.16000     5.52000     3.97580     322.00
   623.33331  5746.66650    10.19667     5.53667     3.98123     448.67
   646.66669  5723.33350    10.23333     5.55333     3.98667     575.33
   670.00000  5700.00000    10.27000     5.57000     3.99210     702.00
   670.00000  5700.00000    10.75000     5.95000     4.38070     702.00
   690.20001  5679.79980    10.81400     6.00800     4.39320     702.00
   710.40002  5659.60010    10.87800     6.06600     4.40570     702.00
   730.59998  5639.39990    10.94200     6.12400     4.41820     702.00
   750.79999  5619.20020    11.00600     6.18200     4.43070     702.00
   771.00000  5599.00000    11.07000     6.24000     4.44320     702.00
   791.00000  5579.00000    11.10400     6.25400     4.45530     702.00
   811.00000  5559.00000    11.13800     6.26800     4.46740     702.00
   831.00000  5539.00000    11.17200     6.28200     4.47950     702.00
   851.00000  5519.00000    11.20600     6.29600     4.49160     702.00
   871.00000  5499.00000    11.24000     6.31000     4.50370     702.00
   891.00000  5479.00000    11.27600     6.32400     4.51558     702.00
   911.00000  5459.00000    11.31200     6.33800     4.52746     702.00
   931.00000  5439.00000    11.34800     6.35200     4.53934     702.00
   951.00000  5419.00000    11.38400     6.36600     4.55122     702.00
   971.00000  5399.00000    11.42000     6.38000     4.56310     702.00
   991.00000  5379.00000    11.45200     6.39200     4.57474     702.00
  1011.00000  5359.00000    11.48400     6.40400     4.58638     702.00
  1031.00000  5339.00000    11.51600     6.41600     4.59802     702.00
  1051.00000  5319.00000    11.54800     6.42800     4.60966     702.00
  1071.00000  5299.00000    11.58000     6.44000     4.62130     702.00
  1091.00000  5279.00000    11.61000     6.45200     4.63272     702.00
  1111.00000  5259.00000    11.64000     6.46400     4.64414     702.00
  1131.00000  5239.00000    11.67000     6.47600     4.65556     702.00
  1151.00000  5219.00000    11.70000     6.48800     4.66698     702.00
  1171.00000  5199.00000    11.73000     6.50000     4.67840     702.00
  1191.00000  5179.00000    11.76000     6.51200     4.68964     702.00
  1211.00000  5159.00000    11.79000     6.52400     4.70088     702.00
  1231.00000  5139.00000    11.82000     6.53600     4.71212     702.00
  1251.00000  5119.00000    11.85000     6.54800     4.72336     702.00
  1271.00000  5099.00000    11.88000     6.56000     4.73460     702.00
  1291.00000  5079.00000    11.90800     6.57200     4.74564     702.00
  1311.00000  5059.00000    11.93600     6.58400     4.75668     702.00
  1331.00000  5039.00000    11.96400     6.59600     4.76772     702.00
  1351.00000  5019.00000    11.99200     6.60800     4.77876     702.00
  1371.00000  4999.00000    12.02000     6.62000     4.78980     702.00
  1391.00000  4979.00000    12.04800     6.63000     4.80068     702.00
  1411.00000  4959.00000    12.07600     6.64000     4.81156     702.00
  1431.00000  4939.00000    12.10400     6.65000     4.82244     702.00
  1451.00000  4919.00000    12.13200     6.66000     4.83332     702.00
  1471.00000  4899.00000    12.16000     6.67000     4.84420     702.00
  1491.00000  4879.00000    12.18600     6.68200     4.85492     702.00
  1511.00000  4859.00000    12.21200     6.69400     4.86564     702.00
  1531.00000  4839.00000    12.23800     6.70600     4.87636     702.00
  1551.00000  4819.00000    12.26400     6.71800     4.88708     702.00
  1571.00000  4799.00000    12.29000     6.73000     4.89780     702.00
  1591.00000  4779.00000    12.31600     6.74000     4.90838     702.00
  1611.00000  4759.00000    12.34200     6.75000     4.91896     702.00
  1631.00000  4739.00000    12.36800     6.76000     4.92954     702.00
  1651.00000  4719.00000    12.39400     6.77000     4.94012     702.00
  1671.00000  4699.00000    12.42000     6.78000     4.95070     702.00
  1691.00000  4679.00000    12.44400     6.79000     4.96116     702.00
  1711.00000  4659.00000    12.46800     6.80000     4.97162     702.00
  1731.00000  4639.00000    12.49200     6.81000     4.98208     702.00
  1751.00000  4619.00000    12.51600     6.82000     4.99254     702.00
  1771.00000  4599.00000    12.54000     6.83000     5.00300     702.00
  1791.00000  4579.00000    12.56600     6.83800     5.01334     702.00
  1811.00000  4559.00000    12.59200     6.84600     5.02368     702.00
  1831.00000  4539.00000    12.61800     6.85400     5.03402     702.00
  1851.00000  4519.00000    12.64400     6.86200     5.04436     702.00
  1871.00000  4499.00000    12.67000     6.87000     5.05470     702.00
  1891.00000  4479.00000    12.69200     6.88000     5.06494     702.00
  1911.00000  4459.00000    12.71400     6.89000     5.07518     702.00
  1931.00000  4439.00000    12.73600     6.90000     5.08542     702.00
  1951.00000  4419.00000    12.75800     6.91000     5.09566     702.00
  1971.00000  4399.00000    12.78000     6.92000     5.10590     702.00
  1991.00000  4379.00000    12.80400     6.93000     5.11606     702.00
  2011.00000  4359.00000    12.82800     6.94000     5.12622     702.00
  2031.00000  4339.00000    12.85200     6.95000     5.13638     702.00
  2051.00000  4319.00000    12.87600     6.96000     5.14654     702.00
  2071.00000  4299.00000    12.90000     6.97000     5.15670     702.00
  2093.22217  4276.77783    12.92556     6.98000     5.16788     702.00
  2115.44458  4254.55566    12.95111     6.99000     5.17905     702.00
  2137.66675  4232.33350    12.97667     7.00000     5.19023     702.00
  2159.88892  4210.11133    13.00222     7.01000     5.20141     702.00
  2182.11108  4187.88867    13.02778     7.02000     5.21259     702.00
  2204.33325  4165.66650    13.05333     7.03000     5.22377     702.00
  2226.55542  4143.44434    13.07889     7.04000     5.23495     702.00
  2248.77783  4121.22217    13.10444     7.05000     5.24612     702.00
  2271.00000  4099.00000    13.13000     7.06000     5.25730     702.00
  2293.22217  4076.77783    13.15556     7.06889     5.26839     702.00
  2315.44458  4054.55542    13.18111     7.07778     5.27948     702.00
  2337.66675  4032.33325    13.20667     7.08667     5.29057     702.00
  2359.88892  4010.11108    13.23222     7.09556     5.30166     702.00
  2382.11108  3987.88892    13.25778     7.10444     5.31274     702.00
  2404.33325  3965.66675    13.28333     7.11333     5.32383     702.00
  2426.55542  3943.44458    13.30889     7.12222     5.33492     702.00
  2448.77783  3921.22217    13.33444     7.13111     5.34601     702.00
  2471.00000  3899.00000    13.36000     7.14000     5.35710     702.00
  2491.00000  3879.00000    13.38400     7.15000     5.36704     961.60
  2511.00000  3859.00000    13.40800     7.16000     5.37698    1221.20
  2531.00000  3839.00000    13.43200     7.17000     5.38692    1480.80
  2551.00000  3819.00000    13.45600     7.18000     5.39686    1740.40
  2571.00000  3799.00000    13.48000     7.19000     5.40680    2000.00
  2591.00000  3779.00000    13.50400     7.19800     5.41676    2000.00
  2611.00000  3759.00000    13.52800     7.20600     5.42672    2000.00
  2631.00000  3739.00000    13.55200     7.21400     5.43668    2000.00
  2651.00000  3719.00000    13.57600     7.22200     5.44664    2000.00
  2671.00000  3699.00000    13.60000     7.23000     5.45660    2000.00
  2694.33325  3675.66675    13.62667     7.24333     5.46820    2000.00
  2717.66675  3652.33325    13.65333     7.25667     5.47980    2000.00
  2741.00000  3629.00000    13.68000     7.27000     5.49140    2000.00
  2764.00000  3606.00000    13.68500     7.26833     5.50377    2000.00
  2787.00000  3583.00000    13.69000     7.26667     5.51613    2000.00
  2810.00000  3560.00000    13.69500     7.26500     5.52850    2000.00
  2833.00000  3537.00000    13.70000     7.26333     5.54087    2000.00
  2856.00000  3514.00000    13.70500     7.26167     5.55323    2000.00
  2879.00000  3491.00000    13.71000     7.26000     5.56560    2000.00
  2879.00000  3491.00000    13.71000     7.26000     5.56560    2000.00
  2889.00000  3481.00000    13.71000     7.26000     5.56560    2000.00
  2889.00000  3481.00000    13.71000     7.26000     5.56560    2000.00
  2891.00000  3479.00000    13.71000     7.26000     5.56650    2000.00
  2891.00000  3479.00000     8.06000     0.00000     9.90350   10000.00
  2911.00000  3459.00000     8.09500     0.00000     9.93497   10000.00
  2931.00000  3439.00000     8.13000     0.00000     9.96645   10000.00
  2951.00000  3419.00000     8.16500     0.00000     9.99792   10000.00
  2971.00000  3399.00000     8.20000     0.00000    10.02940   10000.00
  2991.00000  3379.00000     8.23200     0.00000    10.05978   10000.00
  3011.00000  3359.00000     8.26400     0.00000    10.09016   10000.00
  3031.00000  3339.00000     8.29600     0.00000    10.12054   10000.00
  3051.00000  3319.00000     8.32800     0.00000    10.15092   10000.00
  3071.00000  3299.00000     8.36000     0.00000    10.18130   10000.00
  3091.00000  3279.00000     8.39000     0.00000    10.21050   10000.00
  3111.00000  3259.00000     8.42000     0.00000    10.23970   10000.00
  3131.00000  3239.00000     8.45000     0.00000    10.26890   10000.00
  3151.00000  3219.00000     8.48000     0.00000    10.29810   10000.00
  3171.00000  3199.00000     8.51000     0.00000    10.32730   10000.00
  3191.00000  3179.00000     8.54000     0.00000    10.35530   10000.00
  3211.00000  3159.00000     8.57000     0.00000    10.38330   10000.00
  3231.00000  3139.00000     8.60000     0.00000    10.41130   10000.00
  3251.00000  3119.00000     8.63000     0.00000    10.43930   10000.00
  3271.00000  3099.00000     8.66000     0.00000    10.46730   10000.00
  3291.00000  3079.00000     8.68800     0.00000    10.49414   10000.00
  3311.00000  3059.00000     8.71600     0.00000    10.52098   10000.00
  3331.00000  3039.00000     8.74400     0.00000    10.54782   10000.00
  3351.00000  3019.00000     8.77200     0.00000    10.57466   10000.00
  3371.00000  2999.00000     8.80000     0.00000    10.60150   10000.00
  3391.00000  2979.00000     8.82600     0.00000    10.62722   10000.00
  3411.00000  2959.00000     8.85200     0.00000    10.65294   10000.00
  3431.00000  2939.00000     8.87800     0.00000    10.67866   10000.00
  3451.00000  2919.00000     8.90400     0.00000    10.70438   10000.00
  3471.00000  2899.00000     8.93000     0.00000    10.73010   10000.00
  3491.00000  2879.00000     8.95400     0.00000    10.75472   10000.00
  3511.00000  2859.00000     8.97800     0.00000    10.77934   10000.00
  3531.00000  2839.00000     9.00200     0.00000    10.80396   10000.00
  3551.00000  2819.00000     9.02600     0.00000    10.82858   10000.00
  3571.00000  2799.00000     9.05000     0.00000    10.85320   10000.00
  3591.00000  2779.00000     9.07400     0.00000    10.87674   10000.00
  3611.00000  2759.00000     9.09800     0.00000    10.90028   10000.00
  3631.00000  2739.00000     9.12200     0.00000    10.92382   10000.00
  3651.00000  2719.00000     9.14600     0.00000    10.94736   10000.00
  3671.00000  2699.00000     9.17000     0.00000    10.97090   10000.00
  3691.00000  2679.00000     9.19200     0.00000    10.99340   10000.00
  3711.00000  2659.00000     9.21400     0.00000    11.01590   10000.00
  3731.00000  2639.00000     9.23600     0.00000    11.03840   10000.00
  3751.00000  2619.00000     9.25800     0.00000    11.06090   10000.00
  3771.00000  2599.00000     9.28000     0.00000    11.08340   10000.00
  3791.00000  2579.00000     9.30000     0.00000    11.10486   10000.00
  3811.00000  2559.00000     9.32000     0.00000    11.12632   10000.00
  3831.00000  2539.00000     9.34000     0.00000    11.14778   10000.00
  3851.00000  2519.00000     9.36000     0.00000    11.16924   10000.00
  3871.00000  2499.00000     9.38000     0.00000    11.19070   10000.00
  3891.00000  2479.00000     9.40000     0.00000    11.21116   10000.00
  3911.00000  2459.00000     9.42000     0.00000    11.23162   10000.00
  3931.00000  2439.00000     9.44000     0.00000    11.25208   10000.00
  3951.00000  2419.00000     9.46000     0.00000    11.27254   10000.00
  3971.00000  2399.00000     9.48000     0.00000    11.29300   10000.00
  3991.00000  2379.00000     9.50000     0.00000    11.31248   10000.00
  4011.00000  2359.00000     9.52000     0.00000    11.33196   10000.00
  4031.00000  2339.00000     9.54000     0.00000    11.35144   10000.00
  4051.00000  2319.00000     9.56000     0.00000    11.37092   10000.00
  4071.00000  2299.00000     9.58000     0.00000    11.39040   10000.00
  4091.00000  2279.00000     9.59800     0.00000    11.40894   10000.00
  4111.00000  2259.00000     9.61600     0.00000    11.42748   10000.00
  4131.00000  2239.00000     9.63400     0.00000    11.44602   10000.00
  4151.00000  2219.00000     9.65200     0.00000    11.46456   10000.00
  4171.00000  2199.00000     9.67000     0.00000    11.48310   10000.00
  4191.00000  2179.00000     9.68600     0.00000    11.50072   10000.00
  4211.00000  2159.00000     9.70200     0.00000    11.51834   10000.00
  4231.00000  2139.00000     9.71800     0.00000    11.53596   10000.00
  4251.00000  2119.00000     9.73400     0.00000    11.55358   10000.00
  4271.00000  2099.00000     9.75000     0.00000    11.57120   10000.00
  4291.00000  2079.00000     9.76800     0.00000    11.58792   10000.00
  4311.00000  2059.00000     9.78600     0.00000    11.60464   10000.00
  4331.00000  2039.00000     9.80400     0.00000    11.62136   10000.00
  4351.00000  2019.00000     9.82200     0.00000    11.63808   10000.00
  4371.00000  1999.00000     9.84000     0.00000    11.65480   10000.00
  4391.00000  1979.00000     9.85400     0.00000    11.67064   10000.00
  4411.00000  1959.00000     9.86800     0.00000    11.68648   10000.00
  4431.00000  1939.00000     9.88200     0.00000    11.70232   10000.00
  4451.00000  1919.00000     9.89600     0.00000    11.71816   10000.00
  4471.00000  1899.00000     9.91000     0.00000    11.73400   10000.00
  4487.66650  1882.33337     9.92333     0.00000    11.74650   10000.00
  4504.33350  1865.66663     9.93667     0.00000    11.75900   10000.00
  4521.00000  1849.00000     9.95000     0.00000    11.77150   10000.00
  4537.66650  1832.33337     9.96333     0.00000    11.78400   10000.00
  4554.33350  1815.66663     9.97667     0.00000    11.79650   10000.00
  4571.00000  1799.00000     9.99000     0.00000    11.80900   10000.00
  4587.66650  1782.33337    10.00167     0.00000    11.82082   10000.00
  4604.33350  1765.66663    10.01333     0.00000    11.83263   10000.00
  4621.00000  1749.00000    10.02500     0.00000    11.84445   10000.00
  4637.66650  1732.33337    10.03667     0.00000    11.85627   10000.00
  4654.33350  1715.66663    10.04833     0.00000    11.86808   10000.00
  4671.00000  1699.00000    10.06000     0.00000    11.87990   10000.00
  4687.66650  1682.33337    10.07000     0.00000    11.89105   10000.00
  4704.33350  1665.66663    10.08000     0.00000    11.90220   10000.00
  4721.00000  1649.00000    10.09000     0.00000    11.91335   10000.00
  4737.66650  1632.33337    10.10000     0.00000    11.92450   10000.00
  4754.33350  1615.66663    10.11000     0.00000    11.93565   10000.00
  4771.00000  1599.00000    10.12000     0.00000    11.94680   10000.00
  4785.28564  1584.71423    10.13000     0.00000    11.95581   10000.00
  4799.57129  1570.42859    10.14000     0.00000    11.96483   10000.00
  4813.85693  1556.14282    10.15000     0.00000    11.97384   10000.00
  4828.14307  1541.85718    10.16000     0.00000    11.98286   10000.00
  4842.42871  1527.57141    10.17000     0.00000    11.99187   10000.00
  4856.71436  1513.28577    10.18000     0.00000    12.00089   10000.00
  4871.00000  1499.00000    10.19000     0.00000    12.00990   10000.00
  4885.28564  1484.71423    10.19857     0.00000    12.01837   10000.00
  4899.57129  1470.42859    10.20714     0.00000    12.02684   10000.00
  4913.85693  1456.14282    10.21571     0.00000    12.03531   10000.00
  4928.14307  1441.85718    10.22429     0.00000    12.04379   10000.00
  4942.42871  1427.57141    10.23286     0.00000    12.05226   10000.00
  4956.71436  1413.28577    10.24143     0.00000    12.06073   10000.00
  4971.00000  1399.00000    10.25000     0.00000    12.06920   10000.00
  4983.50000  1386.50000    10.25750     0.00000    12.07617   10000.00
  4996.00000  1374.00000    10.26500     0.00000    12.08315   10000.00
  5008.50000  1361.50000    10.27250     0.00000    12.09013   10000.00
  5021.00000  1349.00000    10.28000     0.00000    12.09710   10000.00
  5033.50000  1336.50000    10.28750     0.00000    12.10407   10000.00
  5046.00000  1324.00000    10.29500     0.00000    12.11105   10000.00
  5058.50000  1311.50000    10.30250     0.00000    12.11802   10000.00
  5071.00000  1299.00000    10.31000     0.00000    12.12500   10000.00
  5084.00000  1286.00000    10.31833     0.00000    12.13188   10000.00
  5097.00000  1273.00000    10.32667     0.00000    12.13877   10000.00
  5110.00000  1260.00000    10.33500     0.00000    12.14565   10000.00
  5123.00000  1247.00000    10.34333     0.00000    12.15253   10000.00
  5136.00000  1234.00000    10.35167     0.00000    12.15942   10000.00
  5149.00000  1221.00000    10.36000     0.00000    12.16630   10000.00
  5149.00000  1221.00000    11.03000     3.50000    12.76360   10000.00
  5160.00000  1210.00000    11.03500     3.50500    12.76925   10000.00
  5171.00000  1199.00000    11.04000     3.51000    12.77490   10000.00
  5182.11133  1187.88892    11.04333     3.51333    12.78047   10000.00
  5193.22217  1176.77783    11.04667     3.51667    12.78603   10000.00
  5204.33350  1165.66663    11.05000     3.52000    12.79160   10000.00
  5215.44434  1154.55554    11.05333     3.52333    12.79717   10000.00
  5226.55566  1143.44446    11.05667     3.52667    12.80273   10000.00
  5237.66650  1132.33337    11.06000     3.53000    12.80830   10000.00
  5248.77783  1121.22217    11.06333     3.53333    12.81387   10000.00
  5259.88867  1110.11108    11.06667     3.53667    12.81943   10000.00
  5271.00000  1099.00000    11.07000     3.54000    12.82500   10000.00
  5281.00000  1089.00000    11.07400     3.54200    12.82957   10000.00
  5291.00000  1079.00000    11.07800     3.54400    12.83414   10000.00
  5301.00000  1069.00000    11.08200     3.54600    12.83871   10000.00
  5311.00000  1059.00000    11.08600     3.54800    12.84328   10000.00
  5321.00000  1049.00000    11.09000     3.55000    12.84785   10000.00
  5331.00000  1039.00000    11.09400     3.55200    12.85242   10000.00
  5341.00000  1029.00000    11.09800     3.55400    12.85699   10000.00
  5351.00000  1019.00000    11.10200     3.55600    12.86156   10000.00
  5361.00000  1009.00000    11.10600     3.55800    12.86613   10000.00
  5371.00000   999.00000    11.11000     3.56000    12.87070   10000.00
  5380.09082   989.90912    11.11273     3.56182    12.87446   10000.00
  5389.18164   980.81818    11.11545     3.56364    12.87823   10000.00
  5398.27295   971.72729    11.11818     3.56545    12.88199   10000.00
  5407.36377   962.63635    11.12091     3.56727    12.88575   10000.00
  5416.45459   953.54547    11.12364     3.56909    12.88952   10000.00
  5425.54541   944.45453    11.12636     3.57091    12.89328   10000.00
  5434.63623   935.36365    11.12909     3.57273    12.89705   10000.00
  5443.72705   926.27271    11.13182     3.57455    12.90081   10000.00
  5452.81836   917.18182    11.13455     3.57636    12.90457   10000.00
  5461.90918   908.09094    11.13727     3.57818    12.90834   10000.00
  5471.00000   899.00000    11.14000     3.58000    12.91210   10000.00
  5479.33350   890.66669    11.14167     3.58167    12.91518   10000.00
  5487.66650   882.33331    11.14333     3.58333    12.91827   10000.00
  5496.00000   874.00000    11.14500     3.58500    12.92135   10000.00
  5504.33350   865.66669    11.14667     3.58667    12.92443   10000.00
  5512.66650   857.33331    11.14833     3.58833    12.92752   10000.00
  5521.00000   849.00000    11.15000     3.59000    12.93060   10000.00
  5529.33350   840.66669    11.15167     3.59167    12.93368   10000.00
  5537.66650   832.33331    11.15333     3.59333    12.93677   10000.00
  5546.00000   824.00000    11.15500     3.59500    12.93985   10000.00
  5554.33350   815.66669    11.15667     3.59667    12.94293   10000.00
  5562.66650   807.33331    11.15833     3.59833    12.94602   10000.00
  5571.00000   799.00000    11.16000     3.60000    12.94910   10000.00
  5578.14307   791.85712    11.16214     3.60071    12.95144   10000.00
  5585.28564   784.71429    11.16429     3.60143    12.95377   10000.00
  5592.42871   777.57141    11.16643     3.60214    12.95611   10000.00
  5599.57129   770.42859    11.16857     3.60286    12.95844   10000.00
  5606.71436   763.28571    11.17071     3.60357    12.96078   10000.00
  5613.85693   756.14288    11.17286     3.60429    12.96311   10000.00
  5621.00000   749.00000    11.17500     3.60500    12.96545   10000.00
  5628.14307   741.85712    11.17714     3.60571    12.96779   10000.00
  5635.28564   734.71429    11.17929     3.60643    12.97012   10000.00
  5642.42871   727.57141    11.18143     3.60714    12.97246   10000.00
  5649.57129   720.42859    11.18357     3.60786    12.97479   10000.00
  5656.71436   713.28571    11.18571     3.60857    12.97713   10000.00
  5663.85693   706.14288    11.18786     3.60929    12.97946   10000.00
  5671.00000   699.00000    11.19000     3.61000    12.98180   10000.00
  5677.25000   692.75000    11.19125     3.61125    12.98357   10000.00
  5683.50000   686.50000    11.19250     3.61250    12.98534   10000.00
  5689.75000   680.25000    11.19375     3.61375    12.98711   10000.00
  5696.00000   674.00000    11.19500     3.61500    12.98888   10000.00
  5702.25000   667.75000    11.19625     3.61625    12.99064   10000.00
  5708.50000   661.50000    11.19750     3.61750    12.99241   10000.00
  5714.75000   655.25000    11.19875     3.61875    12.99418   10000.00
  5721.00000   649.00000    11.20000     3.62000    12.99595   10000.00
  5727.25000   642.75000    11.20125     3.62125    12.99772   10000.00
  5733.50000   636.50000    11.20250     3.62250    12.99949   10000.00
  5739.75000   630.25000    11.20375     3.62375    13.00126   10000.00
  5746.00000   624.00000    11.20500     3.62500    13.00303   10000.00
  5752.25000   617.75000    11.20625     3.62625    13.00479   10000.00
  5758.50000   611.50000    11.20750     3.62750    13.00656   10000.00
  5764.75000   605.25000    11.20875     3.62875    13.00833   10000.00
  5771.00000   599.00000    11.21000     3.63000    13.01010   10000.00
  5776.55566   593.44446    11.21083     3.63056    13.01131   10000.00
  5782.11133   587.88892    11.21167     3.63111    13.01252   10000.00
  5787.66650   582.33331    11.21250     3.63167    13.01373   10000.00
  5793.22217   576.77777    11.21333     3.63222    13.01493   10000.00
  5798.77783   571.22223    11.21417     3.63278    13.01614   10000.00
  5804.33301   565.66663    11.21500     3.63334    13.01735   10000.00
  5809.88867   560.11108    11.21583     3.63389    13.01856   10000.00
  5815.44434   554.55554    11.21667     3.63445    13.01977   10000.00
  5821.00000   549.00000    11.21750     3.63500    13.02098   10000.00
  5826.55566   543.44446    11.21833     3.63556    13.02218   10000.00
  5832.11084   537.88885    11.21917     3.63611    13.02339   10000.00
  5837.66650   532.33331    11.22000     3.63667    13.02460   10000.00
  5842.79492   527.20514    11.22077     3.63718    13.02572   10000.00
  5847.92285   522.07690    11.22154     3.63769    13.02683   10000.00
  5853.05127   516.94873    11.22231     3.63821    13.02795   10000.00
  5858.17920   511.82050    11.22308     3.63872    13.02906   10000.00
  5863.30762   506.69229    11.22385     3.63923    13.03018   10000.00
  5868.43604   501.56409    11.22462     3.63974    13.03129   10000.00
  5873.56396   496.43591    11.22538     3.64026    13.03241   10000.00
  5878.69238   491.30771    11.22615     3.64077    13.03352   10000.00
  5883.82080   486.17950    11.22692     3.64128    13.03464   10000.00
  5888.94873   481.05130    11.22769     3.64179    13.03575   10000.00
  5894.07715   475.92310    11.22846     3.64231    13.03687   10000.00
  5899.20508   470.79489    11.22923     3.64282    13.03798   10000.00
  5904.33350   465.66669    11.23000     3.64333    13.03910   10000.00
  5908.77783   461.22223    11.23067     3.64377    13.04007   10000.00
  5913.22217   456.77780    11.23133     3.64422    13.04103   10000.00
  5917.66699   452.33334    11.23200     3.64466    13.04200   10000.00
  5922.11133   447.88892    11.23267     3.64511    13.04297   10000.00
  5926.55566   443.44446    11.23333     3.64555    13.04393   10000.00
  5931.00000   439.00000    11.23400     3.64600    13.04490   10000.00
  5935.44434   434.55557    11.23467     3.64644    13.04587   10000.00
  5939.88916   430.11111    11.23533     3.64689    13.04683   10000.00
  5944.33350   425.66669    11.23600     3.64733    13.04780   10000.00
  5948.77783   421.22223    11.23667     3.64778    13.04877   10000.00
  5953.22217   416.77777    11.23733     3.64822    13.04973   10000.00
  5957.66650   412.33334    11.23800     3.64867    13.05070   10000.00
  5962.11133   407.88889    11.23867     3.64911    13.05167   10000.00
  5966.55566   403.44446    11.23933     3.64956    13.05263   10000.00
  5971.00000   399.00000    11.24000     3.65000    13.05360   10000.00
  5974.91162   395.08823    11.24020     3.65010    13.05386   10000.00
  5978.82373   391.17648    11.24039     3.65020    13.05411   10000.00
  5982.73535   387.26471    11.24059     3.65029    13.05437   10000.00
  5986.64697   383.35294    11.24078     3.65039    13.05463   10000.00
  5990.55859   379.44116    11.24098     3.65049    13.05489   10000.00
  5994.47070   375.52942    11.24117     3.65059    13.05514   10000.00
  5998.38232   371.61765    11.24137     3.65069    13.05540   10000.00
  6002.29395   367.70587    11.24157     3.65079    13.05566   10000.00
  6006.20605   363.79413    11.24176     3.65088    13.05591   10000.00
  6010.11768   359.88235    11.24196     3.65098    13.05617   10000.00
  6014.02930   355.97058    11.24216     3.65108    13.05643   10000.00
  6017.94141   352.05884    11.24235     3.65118    13.05668   10000.00
  6021.85303   348.14706    11.24255     3.65128    13.05694   10000.00
  6025.76465   344.23529    11.24274     3.65138    13.05720   10000.00
  6029.67627   340.32352    11.24294     3.65147    13.05746   10000.00
  6033.58838   336.41177    11.24313     3.65157    13.05771   10000.00
  6037.50000   332.50000    11.24333     3.65167    13.05797   10000.00
  6040.82520   329.17499    11.24350     3.65175    13.05819   10000.00
  6044.14990   325.85001    11.24366     3.65184    13.05841   10000.00
  6047.47510   322.52499    11.24383     3.65192    13.05862   10000.00
  6050.79980   319.20001    11.24400     3.65200    13.05884   10000.00
  6054.12500   315.87500    11.24417     3.65209    13.05906   10000.00
  6057.45020   312.54999    11.24433     3.65217    13.05928   10000.00
  6060.77490   309.22501    11.24450     3.65225    13.05950   10000.00
  6064.10010   305.89999    11.24467     3.65233    13.05971   10000.00
  6067.42480   302.57501    11.24483     3.65242    13.05993   10000.00
  6070.75000   299.25000    11.24500     3.65250    13.06015   10000.00
  6074.07520   295.92499    11.24517     3.65258    13.06037   10000.00
  6077.39990   292.60001    11.24533     3.65267    13.06059   10000.00
  6080.72510   289.27499    11.24550     3.65275    13.06080   10000.00
  6084.04980   285.95001    11.24567     3.65283    13.06102   10000.00
  6087.37500   282.62500    11.24583     3.65292    13.06124   10000.00
  6090.70020   279.29999    11.24600     3.65300    13.06146   10000.00
  6094.02490   275.97501    11.24617     3.65308    13.06168   10000.00
  6097.35010   272.64999    11.24634     3.65316    13.06189   10000.00
  6100.67480   269.32501    11.24650     3.65325    13.06211   10000.00
  6104.00000   266.00000    11.24667     3.65333    13.06233   10000.00
  6106.66016   263.34000    11.24680     3.65340    13.06250   10000.00
  6109.31982   260.67999    11.24694     3.65346    13.06268   10000.00
  6111.97998   258.01999    11.24707     3.65353    13.06285   10000.00
  6114.64014   255.36000    11.24720     3.65360    13.06303   10000.00
  6117.29980   252.70000    11.24734     3.65366    13.06320   10000.00
  6119.95996   250.03999    11.24747     3.65373    13.06338   10000.00
  6122.62012   247.38000    11.24760     3.65380    13.06355   10000.00
  6125.27979   244.72000    11.24774     3.65386    13.06373   10000.00
  6127.93994   242.06000    11.24787     3.65393    13.06390   10000.00
  6130.60010   239.39999    11.24800     3.65400    13.06408   10000.00
  6133.25977   236.74001    11.24813     3.65406    13.06425   10000.00
  6135.91992   234.08000    11.24827     3.65413    13.06443   10000.00
  6138.58008   231.42000    11.24840     3.65420    13.06460   10000.00
  6141.24023   228.75999    11.24854     3.65427    13.06478   10000.00
  6143.89990   226.10001    11.24867     3.65433    13.06495   10000.00
  6146.56006   223.44000    11.24880     3.65440    13.06513   10000.00
  6149.22021   220.78000    11.24893     3.65447    13.06530   10000.00
  6151.87988   218.12000    11.24907     3.65453    13.06548   10000.00
  6154.54004   215.45999    11.24920     3.65460    13.06565   10000.00
  6157.20020   212.80000    11.24933     3.65467    13.06583   10000.00
  6159.85986   210.14000    11.24947     3.65473    13.06600   10000.00
  6162.52002   207.48000    11.24960     3.65480    13.06618   10000.00
  6165.18018   204.82001    11.24973     3.65487    13.06635   10000.00
  6167.83984   202.16000    11.24987     3.65493    13.06653   10000.00
  6170.50000   199.50000    11.25000     3.65500    13.06670   10000.00
  6172.57813   197.42188    11.25010     3.65505    13.06684   10000.00
  6174.65625   195.34375    11.25021     3.65510    13.06697   10000.00
  6176.73438   193.26563    11.25031     3.65516    13.06711   10000.00
  6178.81250   191.18750    11.25042     3.65521    13.06725   10000.00
  6180.89063   189.10938    11.25052     3.65526    13.06738   10000.00
  6182.96875   187.03125    11.25062     3.65531    13.06752   10000.00
  6185.04688   184.95313    11.25073     3.65537    13.06766   10000.00
  6187.12500   182.87500    11.25083     3.65542    13.06779   10000.00
  6189.20313   180.79688    11.25094     3.65547    13.06793   10000.00
  6191.28125   178.71875    11.25104     3.65552    13.06807   10000.00
  6193.35938   176.64063    11.25114     3.65557    13.06820   10000.00
  6195.43750   174.56250    11.25125     3.65563    13.06834   10000.00
  6197.51563   172.48438    11.25135     3.65568    13.06847   10000.00
  6199.59375   170.40625    11.25146     3.65573    13.06861   10000.00
  6201.67188   168.32813    11.25156     3.65578    13.06875   10000.00
  6203.75000   166.25000    11.25167     3.65584    13.06888   10000.00
  6205.82813   164.17188    11.25177     3.65589    13.06902   10000.00
  6207.90625   162.09375    11.25187     3.65594    13.06916   10000.00
  6209.98438   160.01563    11.25198     3.65599    13.06929   10000.00
  6212.06250   157.93750    11.25208     3.65604    13.06943   10000.00
  6214.14063   155.85938    11.25219     3.65610    13.06957   10000.00
  6216.21875   153.78125    11.25229     3.65615    13.06970   10000.00
  6218.29688   151.70313    11.25239     3.65620    13.06984   10000.00
  6220.37500   149.62500    11.25250     3.65625    13.06998   10000.00
  6222.45313   147.54688    11.25260     3.65630    13.07011   10000.00
  6224.53125   145.46875    11.25271     3.65636    13.07025   10000.00
  6226.60938   143.39063    11.25281     3.65641    13.07039   10000.00
  6228.68750   141.31250    11.25291     3.65646    13.07052   10000.00
  6230.76563   139.23438    11.25302     3.65651    13.07066   10000.00
  6232.84375   137.15625    11.25312     3.65657    13.07080   10000.00
  6234.92188   135.07813    11.25323     3.65662    13.07093   10000.00
  6237.00000   133.00000    11.25333     3.65667    13.07107   10000.00
  6238.54639   131.45349    11.25341     3.65671    13.07117   10000.00
  6240.09326   129.90698    11.25349     3.65675    13.07127   10000.00
  6241.63965   128.36046    11.25356     3.65679    13.07137   10000.00
  6243.18604   126.81395    11.25364     3.65682    13.07148   10000.00
  6244.73242   125.26744    11.25372     3.65686    13.07158   10000.00
  6246.27930   123.72093    11.25380     3.65690    13.07168   10000.00
  6247.82568   122.17442    11.25387     3.65694    13.07178   10000.00
  6249.37207   120.62791    11.25395     3.65698    13.07188   10000.00
  6250.91846   119.08140    11.25403     3.65702    13.07198   10000.00
  6252.46533   117.53488    11.25411     3.65706    13.07208   10000.00
  6254.01172   115.98837    11.25418     3.65709    13.07219   10000.00
  6255.55811   114.44186    11.25426     3.65713    13.07229   10000.00
  6257.10449   112.89535    11.25434     3.65717    13.07239   10000.00
  6258.65137   111.34884    11.25442     3.65721    13.07249   10000.00
  6260.19775   109.80232    11.25450     3.65725    13.07259   10000.00
  6261.74414   108.25581    11.25457     3.65729    13.07269   10000.00
  6263.29053   106.70930    11.25465     3.65733    13.07279   10000.00
  6264.83740   105.16279    11.25473     3.65736    13.07290   10000.00
  6266.38379   103.61628    11.25481     3.65740    13.07300   10000.00
  6267.93018   102.06976    11.25488     3.65744    13.07310   10000.00
  6269.47656   100.52325    11.25496     3.65748    13.07320   10000.00
  6271.02344    98.97675    11.25504     3.65752    13.07330   10000.00
  6272.56982    97.43024    11.25512     3.65756    13.07340   10000.00
  6274.11621    95.88372    11.25519     3.65760    13.07350   10000.00
  6275.66260    94.33720    11.25527     3.65764    13.07360   10000.00
  6277.20947    92.79070    11.25535     3.65767    13.07371   10000.00
  6278.75586    91.24419    11.25543     3.65771    13.07381   10000.00
  6280.30225    89.69768    11.25550     3.65775    13.07391   10000.00
  6281.84863    88.15116    11.25558     3.65779    13.07401   10000.00
  6283.39551    86.60465    11.25566     3.65783    13.07411   10000.00
  6284.94189    85.05814    11.25574     3.65787    13.07421   10000.00
  6286.48828    83.51163    11.25582     3.65791    13.07431   10000.00
  6288.03467    81.96512    11.25589     3.65794    13.07442   10000.00
  6289.58154    80.41861    11.25597     3.65798    13.07452   10000.00
  6291.12793    78.87209    11.25605     3.65802    13.07462   10000.00
  6292.67432    77.32558    11.25613     3.65806    13.07472   10000.00
  6294.22070    75.77907    11.25620     3.65810    13.07482   10000.00
  6295.76758    74.23256    11.25628     3.65814    13.07492   10000.00
  6297.31396    72.68605    11.25636     3.65818    13.07502   10000.00
  6298.86035    71.13953    11.25644     3.65821    13.07513   10000.00
  6300.40674    69.59302    11.25651     3.65825    13.07523   10000.00
  6301.95361    68.04651    11.25659     3.65829    13.07533   10000.00
  6303.50000    66.50000    11.25667     3.65833    13.07543   10000.00
  6304.00000    66.00000    11.25669     3.65834    13.07546   10000.00
  6304.50000    65.50000    11.25672     3.65835    13.07550   10000.00
  6305.00000    65.00000    11.25675     3.65837    13.07553   10000.00
  6305.50000    64.50000    11.25677     3.65838    13.07556   10000.00
  6306.00000    64.00000    11.25679     3.65839    13.07559   10000.00
  6306.50000    63.50000    11.25682     3.65841    13.07563   10000.00
  6307.00000    63.00000    11.25685     3.65842    13.07566   10000.00
  6307.50000    62.50000    11.25687     3.65843    13.07569   10000.00
  6308.00000    62.00000    11.25690     3.65844    13.07573   10000.00
  6308.50000    61.50000    11.25692     3.65846    13.07576   10000.00
  6309.00000    61.00000    11.25695     3.65847    13.07579   10000.00
  6309.50000    60.50000    11.25697     3.65848    13.07582   10000.00
  6310.00000    60.00000    11.25700     3.65849    13.07586   10000.00
  6310.50000    59.50000    11.25702     3.65851    13.07589   10000.00
  6311.00000    59.00000    11.25705     3.65852    13.07592   10000.00
  6311.50000    58.50000    11.25707     3.65853    13.07596   10000.00
  6312.00000    58.00000    11.25710     3.65854    13.07599   10000.00
  6312.50000    57.50000    11.25712     3.65856    13.07602   10000.00
  6313.00000    57.00000    11.25715     3.65857    13.07605   10000.00
  6313.50000    56.50000    11.25717     3.65858    13.07609   10000.00
  6314.00000    56.00000    11.25720     3.65859    13.07612   10000.00
  6314.50000    55.50000    11.25722     3.65861    13.07615   10000.00
  6315.00000    55.00000    11.25725     3.65862    13.07619   10000.00
  6315.50000    54.50000    11.25727     3.65863    13.07622   10000.00
  6316.00000    54.00000    11.25730     3.65864    13.07625   10000.00
  6316.50000    53.50000    11.25732     3.65866    13.07628   10000.00
  6317.00000    53.00000    11.25735     3.65867    13.07632   10000.00
  6317.50000    52.50000    11.25737     3.65868    13.07635   10000.00
  6318.00000    52.00000    11.25740     3.65869    13.07638   10000.00
  6318.50000    51.50000    11.25742     3.65871    13.07642   10000.00
  6319.00000    51.00000    11.25745     3.65872    13.07645   10000.00
  6319.50000    50.50000    11.25747     3.65873    13.07648   10000.00
  6320.00000    50.00000    11.25750     3.65874    13.07651   10000.00
  6320.50000    49.50000    11.25752     3.65876    13.07655   10000.00
  6321.00000    49.00000    11.25755     3.65877    13.07658   10000.00
  6321.50000    48.50000    11.25757     3.65878    13.07661   10000.00
  6322.00000    48.00000    11.25760     3.65879    13.07665   10000.00
  6322.50000    47.50000    11.25762     3.65881    13.07668   10000.00
  6323.00000    47.00000    11.25765     3.65882    13.07671   10000.00
  6323.50000    46.50000    11.25767     3.65883    13.07674   10000.00
  6324.00000    46.00000    11.25770     3.65884    13.07678   10000.00
  6324.50000    45.50000    11.25772     3.65886    13.07681   10000.00
  6325.00000    45.00000    11.25775     3.65887    13.07684   10000.00
  6325.50000    44.50000    11.25777     3.65888    13.07688   10000.00
  6326.00000    44.00000    11.25780     3.65890    13.07691   10000.00
  6326.50000    43.50000    11.25782     3.65891    13.07694   10000.00
  6327.00000    43.00000    11.25785     3.65892    13.07697   10000.00
  6327.50000    42.50000    11.25787     3.65893    13.07701   10000.00
  6328.00000    42.00000    11.25790     3.65895    13.07704   10000.00
  6328.50000    41.50000    11.25792     3.65896    13.07707   10000.00
  6329.00000    41.00000    11.25795     3.65897    13.07711   10000.00
  6329.50000    40.50000    11.25797     3.65898    13.07714   10000.00
  6330.00000    40.00000    11.25800     3.65900    13.07717   10000.00
  6330.50000    39.50000    11.25802     3.65901    13.07720   10000.00
  6331.00000    39.00000    11.25805     3.65902    13.07724   10000.00
  6331.50000    38.50000    11.25807     3.65903    13.07727   10000.00
  6332.00000    38.00000    11.25810     3.65905    13.07730   10000.00
  6332.50000    37.50000    11.25812     3.65906    13.07734   10000.00
  6333.00000    37.00000    11.25815     3.65907    13.07737   10000.00
  6333.50000    36.50000    11.25817     3.65908    13.07740   10000.00
  6334.00000    36.00000    11.25820     3.65910    13.07743   10000.00
  6334.50000    35.50000    11.25822     3.65911    13.07747   10000.00
  6335.00000    35.00000    11.25825     3.65912    13.07750   10000.00
  6335.50000    34.50000    11.25827     3.65913    13.07753   10000.00
  6336.00000    34.00000    11.25830     3.65915    13.07757   10000.00
  6336.50000    33.50000    11.25832     3.65916    13.07760   10000.00
  6337.00000    33.00000    11.25835     3.65917    13.07763   10000.00
  6337.50000    32.50000    11.25837     3.65918    13.07766   10000.00
  6338.00000    32.00000    11.25840     3.65920    13.07770   10000.00
  6338.50000    31.50000    11.25842     3.65921    13.07773   10000.00
  6339.00000    31.00000    11.25845     3.65922    13.07776   10000.00
  6339.50000    30.50000    11.25847     3.65923    13.07780   10000.00
  6340.00000    30.00000    11.25850     3.65925    13.07783   10000.00
  6340.50000    29.50000    11.25852     3.65926    13.07786   10000.00
  6341.00000    29.00000    11.25855     3.65927    13.07789   10000.00
  6341.50000    28.50000    11.25857     3.65928    13.07793   10000.00
  6342.00000    28.00000    11.25860     3.65930    13.07796   10000.00
  6342.50000    27.50000    11.25862     3.65931    13.07799   10000.00
  6343.00000    27.00000    11.25865     3.65932    13.07803   10000.00
  6343.50000    26.50000    11.25867     3.65933    13.07806   10000.00
  6344.00000    26.00000    11.25870     3.65935    13.07809   10000.00
  6344.50000    25.50000    11.25872     3.65936    13.07812   10000.00
  6345.00000    25.00000    11.25875     3.65937    13.07816   10000.00
  6345.50000    24.50000    11.25877     3.65938    13.07819   10000.00
  6346.00000    24.00000    11.25880     3.65940    13.07822   10000.00
  6346.50000    23.50000    11.25882     3.65941    13.07826   10000.00
  6347.00000    23.00000    11.25885     3.65942    13.07829   10000.00
  6347.50000    22.50000    11.25887     3.65944    13.07832   10000.00
  6348.00000    22.00000    11.25890     3.65945    13.07835   10000.00
  6348.50000    21.50000    11.25892     3.65946    13.07839   10000.00
  6349.00000    21.00000    11.25895     3.65947    13.07842   10000.00
  6349.50000    20.50000    11.25897     3.65949    13.07845   10000.00
  6350.00000    20.00000    11.25900     3.65950    13.07849   10000.00
  6350.50000    19.50000    11.25902     3.65951    13.07852   10000.00
  6351.00000    19.00000    11.25905     3.65952    13.07855   10000.00
  6351.50000    18.50000    11.25907     3.65954    13.07858   10000.00
  6352.00000    18.00000    11.25910     3.65955    13.07862   10000.00
  6352.50000    17.50000    11.25912     3.65956    13.07865   10000.00
  6353.00000    17.00000    11.25915     3.65957    13.07868   10000.00
  6353.50000    16.50000    11.25917     3.65959    13.07872   10000.00
  6354.00000    16.00000    11.25920     3.65960    13.07875   10000.00
  6354.50000    15.50000    11.25922     3.65961    13.07878   10000.00
  6355.00000    15.00000    11.25925     3.65962    13.07881   10000.00
  6355.50000    14.50000    11.25927     3.65964    13.07885   10000.00
  6356.00000    14.00000    11.25930     3.65965    13.07888   10000.00
  6356.50000    13.50000    11.25932     3.65966    13.07891   10000.00
  6357.00000    13.00000    11.25935     3.65967    13.07895   10000.00
  6357.50000    12.50000    11.25937     3.65969    13.07898   10000.00
  6358.00000    12.00000    11.25940     3.65970    13.07901   10000.00
  6358.50000    11.50000    11.25942     3.65971    13.07904   10000.00
  6359.00000    11.00000    11.25945     3.65972    13.07908   10000.00
  6359.50000    10.50000    11.25947     3.65974    13.07911   10000.00
  6360.00000    10.00000    11.25950     3.65975    13.07914   10000.00
  6360.50000     9.50000    11.25952     3.65976    13.07917   10000.00
  6361.00000     9.00000    11.25955     3.65977    13.07921   10000.00
  6361.50000     8.50000    11.25957     3.65979    13.07924   10000.00
  6362.00000     8.00000    11.25960     3.65980    13.07927   10000.00
  6362.50000     7.50000    11.25962     3.65981    13.07931   10000.00
  6363.00000     7.00000    11.25965     3.65982    13.07934   10000.00
  6363.50000     6.50000    11.25968     3.65984    13.07937   10000.00
  6364.00000     6.00000    11.25970     3.65985    13.07941   10000.00
  6364.50000     5.50000    11.25972     3.65986    13.07944   10000.00
  6365.00000     5.00000    11.25975     3.65987    13.07947   10000.00
  6365.50000     4.50000    11.25978     3.65989    13.07950   10000.00
  6366.00000     4.00000    11.25980     3.65990    13.07954   10000.00
  6366.50000     3.50000    11.25982     3.65991    13.07957   10000.00
  6367.00000     3.00000    11.25985     3.65992    13.07960   10000.00
  6367.50000     2.50000    11.25988     3.65994    13.07964   10000.00
  6368.00000     2.00000    11.25990     3.65995    13.07967   10000.00
  6368.50000     1.50000    11.25992     3.65996    13.07970   10000.00
  6369.00000     1.00000    11.25995     3.65998    13.07973   10000.00
  6369.50000     0.50000    11.25998     3.65999    13.07977   10000.00
  6370.00000     0.00000    11.26000     3.66000    13.07980   10000.00
