     0.00000  6370.00000     5.80000     3.20000     2.60000     180.00
    15.00000  6355.00000     5.80000     3.20000     2.60000     180.00
    15.00000  6355.00000     6.80000     3.90000     2.90000     322.00
    24.40000  6345.60010     6.80000     3.90000     2.90000     322.00
    24.40000  6345.60010     8.11000     4.49000     3.38080     322.00
    34.69474  6335.30518     8.10368     4.48632     3.37968     322.00
    44.98947  6325.01074     8.09737     4.48263     3.37856     322.00
    55.28421  6314.71582     8.09105     4.47895     3.37744     322.00
    65.57895  6304.42090     8.08474     4.47526     3.37632     322.00
    75.87368  6294.12646     8.07842     4.47158     3.37519     322.00
    86.16843  6283.83154     8.07211     4.46789     3.37407     322.00
    96.46317  6273.53711     8.06579     4.46421     3.37295     322.00
   106.75790  6263.24219     8.05947     4.46053     3.37183     322.00
   117.05264  6252.94727     8.05316     4.45684     3.37071     322.00
   127.34737  6242.65283     8.04684     4.45316     3.36959     322.00
   137.64211  6232.35791     8.04053     4.44947     3.36847     322.00
   147.93684  6222.06299     8.03421     4.44579     3.36735     322.00
   158.23158  6211.76855     8.02789     4.44211     3.36623     322.00
   168.52632  6201.47363     8.02158     4.43842     3.36511     322.00
   178.82104  6191.17920     8.01526     4.43474     3.36398     322.00
   189.11578  6180.88428     8.00895     4.43105     3.36286     322.00
   199.41054  6170.58936     8.00263     4.42737     3.36174     322.00
   209.70526  6160.29492     7.99632     4.42368     3.36062     322.00
   220.00000  6150.00000     7.99000     4.42000     3.35950     322.00
   220.00000  6150.00000     8.56000     4.64000     3.43580     322.00
   230.00000  6140.00000     8.57944     4.64722     3.44177     322.00
   240.00000  6130.00000     8.59889     4.65444     3.44774     322.00
   250.00000  6120.00000     8.61833     4.66167     3.45372     322.00
   260.00000  6110.00000     8.63778     4.66889     3.45969     322.00
   270.00000  6100.00000     8.65722     4.67611     3.46566     322.00
   280.00000  6090.00000     8.67667     4.68333     3.47163     322.00
   290.00000  6080.00000     8.69611     4.69056     3.47761     322.00
   300.00000  6070.00000     8.71556     4.69778     3.48358     322.00
   310.00000  6060.00000     8.73500     4.70500     3.48955     322.00
   320.00000  6050.00000     8.75444     4.71222     3.49552     322.00
   330.00000  6040.00000     8.77389     4.71944     3.50149     322.00
   340.00000  6030.00000     8.79333     4.72667     3.50747     322.00
   350.00000  6020.00000     8.81278     4.73389     3.51344     322.00
   360.00000  6010.00000     8.83222     4.74111     3.51941     322.00
   370.00000  6000.00000     8.85167     4.74833     3.52538     322.00
   380.00000  5990.00000     8.87111     4.75556     3.53136     322.00
   390.00000  5980.00000     8.89056     4.76278     3.53733     322.00
   400.00000  5970.00000     8.91000     4.77000     3.54330     322.00
   400.00000  5970.00000     9.13000     4.93000     3.72380     322.00
   410.00000  5960.00000     9.18150     4.95950     3.73640     322.00
   420.00000  5950.00000     9.23300     4.98900     3.74900     322.00
   430.00000  5940.00000     9.28450     5.01850     3.76160     322.00
   440.00000  5930.00000     9.33600     5.04800     3.77420     322.00
   450.00000  5920.00000     9.38750     5.07750     3.78680     322.00
   460.00000  5910.00000     9.43900     5.10700     3.79940     322.00
   470.00000  5900.00000     9.49050     5.13650     3.81200     322.00
   480.00000  5890.00000     9.54200     5.16600     3.82460     322.00
   490.00000  5880.00000     9.59350     5.19550     3.83720     322.00
   500.00000  5870.00000     9.64500     5.22500     3.84980     322.00
   510.00000  5860.00000     9.69650     5.25450     3.86240     322.00
   520.00000  5850.00000     9.74800     5.28400     3.87500     322.00
   530.00000  5840.00000     9.79950     5.31350     3.88760     322.00
   540.00000  5830.00000     9.85100     5.34300     3.90020     322.00
   550.00000  5820.00000     9.90250     5.37250     3.91280     322.00
   560.00000  5810.00000     9.95400     5.40200     3.92540     322.00
   570.00000  5800.00000    10.00550     5.43150     3.93800     322.00
   580.00000  5790.00000    10.05700     5.46100     3.95060     322.00
   590.00000  5780.00000    10.10850     5.49050     3.96320     322.00
   600.00000  5770.00000    10.16000     5.52000     3.97580     322.00
   610.00000  5760.00000    10.17571     5.52714     3.97813     376.29
   620.00000  5750.00000    10.19143     5.53429     3.98046     430.57
   630.00000  5740.00000    10.20714     5.54143     3.98279     484.86
   640.00000  5730.00000    10.22286     5.54857     3.98511     539.14
   650.00000  5720.00000    10.23857     5.55571     3.98744     593.43
   660.00000  5710.00000    10.25429     5.56286     3.98977     647.71
   670.00000  5700.00000    10.27000     5.57000     3.99210     702.00
   670.00000  5700.00000    10.75000     5.95000     4.38070     702.00
   680.09998  5689.89990    10.78200     5.97900     4.38695     702.00
   690.20001  5679.79980    10.81400     6.00800     4.39320     702.00
   700.29999  5669.70020    10.84600     6.03700     4.39945     702.00
   710.40002  5659.60010    10.87800     6.06600     4.40570     702.00
   720.50000  5649.50000    10.91000     6.09500     4.41195     702.00
   730.59998  5639.39990    10.94200     6.12400     4.41820     702.00
   740.70001  5629.29980    10.97400     6.15300     4.42445     702.00
   750.79999  5619.20020    11.00600     6.18200     4.43070     702.00
   760.90002  5609.10010    11.03800     6.21100     4.43695     702.00
   771.00000  5599.00000    11.07000     6.24000     4.44320     702.00
   781.00000  5589.00000    11.08700     6.24700     4.44925     702.00
   791.00000  5579.00000    11.10400     6.25400     4.45530     702.00
   801.00000  5569.00000    11.12100     6.26100     4.46135     702.00
   811.00000  5559.00000    11.13800     6.26800     4.46740     702.00
   821.00000  5549.00000    11.15500     6.27500     4.47345     702.00
   831.00000  5539.00000    11.17200     6.28200     4.47950     702.00
   841.00000  5529.00000    11.18900     6.28900     4.48555     702.00
   851.00000  5519.00000    11.20600     6.29600     4.49160     702.00
   861.00000  5509.00000    11.22300     6.30300     4.49765     702.00
   871.00000  5499.00000    11.24000     6.31000     4.50370     702.00
   881.00000  5489.00000    11.25800     6.31700     4.50964     702.00
   891.00000  5479.00000    11.27600     6.32400     4.51558     702.00
   901.00000  5469.00000    11.29400     6.33100     4.52152     702.00
   911.00000  5459.00000    11.31200     6.33800     4.52746     702.00
   921.00000  5449.00000    11.33000     6.34500     4.53340     702.00
   931.00000  5439.00000    11.34800     6.35200     4.53934     702.00
   941.00000  5429.00000    11.36600     6.35900     4.54528     702.00
   951.00000  5419.00000    11.38400     6.36600     4.55122     702.00
   961.00000  5409.00000    11.40200     6.37300     4.55716     702.00
   971.00000  5399.00000    11.42000     6.38000     4.56310     702.00
   981.00000  5389.00000    11.43600     6.38600     4.56892     702.00
   991.00000  5379.00000    11.45200     6.39200     4.57474     702.00
  1001.00000  5369.00000    11.46800     6.39800     4.58056     702.00
  1011.00000  5359.00000    11.48400     6.40400     4.58638     702.00
  1021.00000  5349.00000    11.50000     6.41000     4.59220     702.00
  1031.00000  5339.00000    11.51600     6.41600     4.59802     702.00
  1041.00000  5329.00000    11.53200     6.42200     4.60384     702.00
  1051.00000  5319.00000    11.54800     6.42800     4.60966     702.00
  1061.00000  5309.00000    11.56400     6.43400     4.61548     702.00
  1071.00000  5299.00000    11.58000     6.44000     4.62130     702.00
  1081.00000  5289.00000    11.59500     6.44600     4.62701     702.00
  1091.00000  5279.00000    11.61000     6.45200     4.63272     702.00
  1101.00000  5269.00000    11.62500     6.45800     4.63843     702.00
  1111.00000  5259.00000    11.64000     6.46400     4.64414     702.00
  1121.00000  5249.00000    11.65500     6.47000     4.64985     702.00
  1131.00000  5239.00000    11.67000     6.47600     4.65556     702.00
  1141.00000  5229.00000    11.68500     6.48200     4.66127     702.00
  1151.00000  5219.00000    11.70000     6.48800     4.66698     702.00
  1161.00000  5209.00000    11.71500     6.49400     4.67269     702.00
  1171.00000  5199.00000    11.73000     6.50000     4.67840     702.00
  1181.00000  5189.00000    11.74500     6.50600     4.68402     702.00
  1191.00000  5179.00000    11.76000     6.51200     4.68964     702.00
  1201.00000  5169.00000    11.77500     6.51800     4.69526     702.00
  1211.00000  5159.00000    11.79000     6.52400     4.70088     702.00
  1221.00000  5149.00000    11.80500     6.53000     4.70650     702.00
  1231.00000  5139.00000    11.82000     6.53600     4.71212     702.00
  1241.00000  5129.00000    11.83500     6.54200     4.71774     702.00
  1251.00000  5119.00000    11.85000     6.54800     4.72336     702.00
  1261.00000  5109.00000    11.86500     6.55400     4.72898     702.00
  1271.00000  5099.00000    11.88000     6.56000     4.73460     702.00
  1281.00000  5089.00000    11.89400     6.56600     4.74012     702.00
  1291.00000  5079.00000    11.90800     6.57200     4.74564     702.00
  1301.00000  5069.00000    11.92200     6.57800     4.75116     702.00
  1311.00000  5059.00000    11.93600     6.58400     4.75668     702.00
  1321.00000  5049.00000    11.95000     6.59000     4.76220     702.00
  1331.00000  5039.00000    11.96400     6.59600     4.76772     702.00
  1341.00000  5029.00000    11.97800     6.60200     4.77324     702.00
  1351.00000  5019.00000    11.99200     6.60800     4.77876     702.00
  1361.00000  5009.00000    12.00600     6.61400     4.78428     702.00
  1371.00000  4999.00000    12.02000     6.62000     4.78980     702.00
  1381.00000  4989.00000    12.03400     6.62500     4.79524     702.00
  1391.00000  4979.00000    12.04800     6.63000     4.80068     702.00
  1401.00000  4969.00000    12.06200     6.63500     4.80612     702.00
  1411.00000  4959.00000    12.07600     6.64000     4.81156     702.00
  1421.00000  4949.00000    12.09000     6.64500     4.81700     702.00
  1431.00000  4939.00000    12.10400     6.65000     4.82244     702.00
  1441.00000  4929.00000    12.11800     6.65500     4.82788     702.00
  1451.00000  4919.00000    12.13200     6.66000     4.83332     702.00
  1461.00000  4909.00000    12.14600     6.66500     4.83876     702.00
  1471.00000  4899.00000    12.16000     6.67000     4.84420     702.00
  1481.00000  4889.00000    12.17300     6.67600     4.84956     702.00
  1491.00000  4879.00000    12.18600     6.68200     4.85492     702.00
  1501.00000  4869.00000    12.19900     6.68800     4.86028     702.00
  1511.00000  4859.00000    12.21200     6.69400     4.86564     702.00
  1521.00000  4849.00000    12.22500     6.70000     4.87100     702.00
  1531.00000  4839.00000    12.23800     6.70600     4.87636     702.00
  1541.00000  4829.00000    12.25100     6.71200     4.88172     702.00
  1551.00000  4819.00000    12.26400     6.71800     4.88708     702.00
  1561.00000  4809.00000    12.27700     6.72400     4.89244     702.00
  1571.00000  4799.00000    12.29000     6.73000     4.89780     702.00
  1581.00000  4789.00000    12.30300     6.73500     4.90309     702.00
  1591.00000  4779.00000    12.31600     6.74000     4.90838     702.00
  1601.00000  4769.00000    12.32900     6.74500     4.91367     702.00
  1611.00000  4759.00000    12.34200     6.75000     4.91896     702.00
  1621.00000  4749.00000    12.35500     6.75500     4.92425     702.00
  1631.00000  4739.00000    12.36800     6.76000     4.92954     702.00
  1641.00000  4729.00000    12.38100     6.76500     4.93483     702.00
  1651.00000  4719.00000    12.39400     6.77000     4.94012     702.00
  1661.00000  4709.00000    12.40700     6.77500     4.94541     702.00
  1671.00000  4699.00000    12.42000     6.78000     4.95070     702.00
  1681.00000  4689.00000    12.43200     6.78500     4.95593     702.00
  1691.00000  4679.00000    12.44400     6.79000     4.96116     702.00
  1701.00000  4669.00000    12.45600     6.79500     4.96639     702.00
  1711.00000  4659.00000    12.46800     6.80000     4.97162     702.00
  1721.00000  4649.00000    12.48000     6.80500     4.97685     702.00
  1731.00000  4639.00000    12.49200     6.81000     4.98208     702.00
  1741.00000  4629.00000    12.50400     6.81500     4.98731     702.00
  1751.00000  4619.00000    12.51600     6.82000     4.99254     702.00
  1761.00000  4609.00000    12.52800     6.82500     4.99777     702.00
  1771.00000  4599.00000    12.54000     6.83000     5.00300     702.00
  1781.00000  4589.00000    12.55300     6.83400     5.00817     702.00
  1791.00000  4579.00000    12.56600     6.83800     5.01334     702.00
  1801.00000  4569.00000    12.57900     6.84200     5.01851     702.00
  1811.00000  4559.00000    12.59200     6.84600     5.02368     702.00
  1821.00000  4549.00000    12.60500     6.85000     5.02885     702.00
  1831.00000  4539.00000    12.61800     6.85400     5.03402     702.00
  1841.00000  4529.00000    12.63100     6.85800     5.03919     702.00
  1851.00000  4519.00000    12.64400     6.86200     5.04436     702.00
  1861.00000  4509.00000    12.65700     6.86600     5.04953     702.00
  1871.00000  4499.00000    12.67000     6.87000     5.05470     702.00
  1881.00000  4489.00000    12.68100     6.87500     5.05982     702.00
  1891.00000  4479.00000    12.69200     6.88000     5.06494     702.00
  1901.00000  4469.00000    12.70300     6.88500     5.07006     702.00
  1911.00000  4459.00000    12.71400     6.89000     5.07518     702.00
  1921.00000  4449.00000    12.72500     6.89500     5.08030     702.00
  1931.00000  4439.00000    12.73600     6.90000     5.08542     702.00
  1941.00000  4429.00000    12.74700     6.90500     5.09054     702.00
  1951.00000  4419.00000    12.75800     6.91000     5.09566     702.00
  1961.00000  4409.00000    12.76900     6.91500     5.10078     702.00
  1971.00000  4399.00000    12.78000     6.92000     5.10590     702.00
  1981.00000  4389.00000    12.79200     6.92500     5.11098     702.00
  1991.00000  4379.00000    12.80400     6.93000     5.11606     702.00
  2001.00000  4369.00000    12.81600     6.93500     5.12114     702.00
  2011.00000  4359.00000    12.82800     6.94000     5.12622     702.00
  2021.00000  4349.00000    12.84000     6.94500     5.13130     702.00
  2031.00000  4339.00000    12.85200     6.95000     5.13638     702.00
  2041.00000  4329.00000    12.86400     6.95500     5.14146     702.00
  2051.00000  4319.00000    12.87600     6.96000     5.14654     702.00
  2061.00000  4309.00000    12.88800     6.96500     5.15162     702.00
  2071.00000  4299.00000    12.90000     6.97000     5.15670     702.00
  2081.00000  4289.00000    12.91150     6.97450     5.16173     702.00
  2091.00000  4279.00000    12.92300     6.97900     5.16676     702.00
  2101.00000  4269.00000    12.93450     6.98350     5.17179     702.00
  2111.00000  4259.00000    12.94600     6.98800     5.17682     702.00
  2121.00000  4249.00000    12.95750     6.99250     5.18185     702.00
  2131.00000  4239.00000    12.96900     6.99700     5.18688     702.00
  2141.00000  4229.00000    12.98050     7.00150     5.19191     702.00
  2151.00000  4219.00000    12.99200     7.00600     5.19694     702.00
  2161.00000  4209.00000    13.00350     7.01050     5.20197     702.00
  2171.00000  4199.00000    13.01500     7.01500     5.20700     702.00
  2181.00000  4189.00000    13.02650     7.01950     5.21203     702.00
  2191.00000  4179.00000    13.03800     7.02400     5.21706     702.00
  2201.00000  4169.00000    13.04950     7.02850     5.22209     702.00
  2211.00000  4159.00000    13.06100     7.03300     5.22712     702.00
  2221.00000  4149.00000    13.07250     7.03750     5.23215     702.00
  2231.00000  4139.00000    13.08400     7.04200     5.23718     702.00
  2241.00000  4129.00000    13.09550     7.04650     5.24221     702.00
  2251.00000  4119.00000    13.10700     7.05100     5.24724     702.00
  2261.00000  4109.00000    13.11850     7.05550     5.25227     702.00
  2271.00000  4099.00000    13.13000     7.06000     5.25730     702.00
  2281.00000  4089.00000    13.14150     7.06400     5.26229     702.00
  2291.00000  4079.00000    13.15300     7.06800     5.26728     702.00
  2301.00000  4069.00000    13.16450     7.07200     5.27227     702.00
  2311.00000  4059.00000    13.17600     7.07600     5.27726     702.00
  2321.00000  4049.00000    13.18750     7.08000     5.28225     702.00
  2331.00000  4039.00000    13.19900     7.08400     5.28724     702.00
  2341.00000  4029.00000    13.21050     7.08800     5.29223     702.00
  2351.00000  4019.00000    13.22200     7.09200     5.29722     702.00
  2361.00000  4009.00000    13.23350     7.09600     5.30221     702.00
  2371.00000  3999.00000    13.24500     7.10000     5.30720     702.00
  2381.00000  3989.00000    13.25650     7.10400     5.31219     702.00
  2391.00000  3979.00000    13.26800     7.10800     5.31718     702.00
  2401.00000  3969.00000    13.27950     7.11200     5.32217     702.00
  2411.00000  3959.00000    13.29100     7.11600     5.32716     702.00
  2421.00000  3949.00000    13.30250     7.12000     5.33215     702.00
  2431.00000  3939.00000    13.31400     7.12400     5.33714     702.00
  2441.00000  3929.00000    13.32550     7.12800     5.34213     702.00
  2451.00000  3919.00000    13.33700     7.13200     5.34712     702.00
  2461.00000  3909.00000    13.34850     7.13600     5.35211     702.00
  2471.00000  3899.00000    13.36000     7.14000     5.35710     702.00
  2481.00000  3889.00000    13.37200     7.14500     5.36207     831.80
  2491.00000  3879.00000    13.38400     7.15000     5.36704     961.60
  2501.00000  3869.00000    13.39600     7.15500     5.37201    1091.40
  2511.00000  3859.00000    13.40800     7.16000     5.37698    1221.20
  2521.00000  3849.00000    13.42000     7.16500     5.38195    1351.00
  2531.00000  3839.00000    13.43200     7.17000     5.38692    1480.80
  2541.00000  3829.00000    13.44400     7.17500     5.39189    1610.60
  2551.00000  3819.00000    13.45600     7.18000     5.39686    1740.40
  2561.00000  3809.00000    13.46800     7.18500     5.40183    1870.20
  2571.00000  3799.00000    13.48000     7.19000     5.40680    2000.00
  2581.00000  3789.00000    13.49200     7.19400     5.41178    2000.00
  2591.00000  3779.00000    13.50400     7.19800     5.41676    2000.00
  2601.00000  3769.00000    13.51600     7.20200     5.42174    2000.00
  2611.00000  3759.00000    13.52800     7.20600     5.42672    2000.00
  2621.00000  3749.00000    13.54000     7.21000     5.43170    2000.00
  2631.00000  3739.00000    13.55200     7.21400     5.43668    2000.00
  2641.00000  3729.00000    13.56400     7.21800     5.44166    2000.00
  2651.00000  3719.00000    13.57600     7.22200     5.44664    2000.00
  2661.00000  3709.00000    13.58800     7.22600     5.45162    2000.00
  2671.00000  3699.00000    13.60000     7.23000     5.45660    2000.00
  2681.00000  3689.00000    13.61143     7.23571     5.46157    2000.00
  2691.00000  3679.00000    13.62286     7.24143     5.46654    2000.00
  2701.00000  3669.00000    13.63429     7.24714     5.47151    2000.00
  2711.00000  3659.00000    13.64571     7.25286     5.47649    2000.00
  2721.00000  3649.00000    13.65714     7.25857     5.48146    2000.00
  2731.00000  3639.00000    13.66857     7.26429     5.48643    2000.00
  2741.00000  3629.00000    13.68000     7.27000     5.49140    2000.00
  2751.61548  3618.38452    13.68231     7.26923     5.49711    2000.00
  2762.23071  3607.76929    13.68462     7.26846     5.50282    2000.00
  2772.84619  3597.15381    13.68692     7.26769     5.50852    2000.00
  2783.46143  3586.53857    13.68923     7.26692     5.51423    2000.00
  2794.07690  3575.92310    13.69154     7.26615     5.51994    2000.00
  2804.69238  3565.30762    13.69385     7.26538     5.52565    2000.00
  2815.30762  3554.69238    13.69615     7.26462     5.53135    2000.00
  2825.92310  3544.07690    13.69846     7.26385     5.53706    2000.00
  2836.53857  3533.46143    13.70077     7.26308     5.54277    2000.00
  2847.15381  3522.84619    13.70308     7.26231     5.54848    2000.00
  2857.76929  3512.23071    13.70538     7.26154     5.55418    2000.00
  2868.38452  3501.61548    13.70769     7.26077     5.55989    2000.00
  2879.00000  3491.00000    13.71000     7.26000     5.56560    2000.00
  2879.00000  3491.00000    13.71000     7.26000     5.56560    2000.00
  2889.00000  3481.00000    13.71000     7.26000     5.56560    2000.00
  2889.00000  3481.00000    13.71000     7.26000     5.56560    2000.00
  2891.00000  3479.00000    13.71000     7.26000     5.56650    2000.00
  2891.00000  3479.00000     8.06000     0.00000     9.90350   10000.00
  2901.00000  3469.00000     8.07750     0.00000     9.91924   10000.00
  2911.00000  3459.00000     8.09500     0.00000     9.93497   10000.00
  2921.00000  3449.00000     8.11250     0.00000     9.95071   10000.00
  2931.00000  3439.00000     8.13000     0.00000     9.96645   10000.00
  2941.00000  3429.00000     8.14750     0.00000     9.98219   10000.00
  2951.00000  3419.00000     8.16500     0.00000     9.99792   10000.00
  2961.00000  3409.00000     8.18250     0.00000    10.01366   10000.00
  2971.00000  3399.00000     8.20000     0.00000    10.02940   10000.00
  2981.00000  3389.00000     8.21600     0.00000    10.04459   10000.00
  2991.00000  3379.00000     8.23200     0.00000    10.05978   10000.00
  3001.00000  3369.00000     8.24800     0.00000    10.07497   10000.00
  3011.00000  3359.00000     8.26400     0.00000    10.09016   10000.00
  3021.00000  3349.00000     8.28000     0.00000    10.10535   10000.00
  3031.00000  3339.00000     8.29600     0.00000    10.12054   10000.00
  3041.00000  3329.00000     8.31200     0.00000    10.13573   10000.00
  3051.00000  3319.00000     8.32800     0.00000    10.15092   10000.00
  3061.00000  3309.00000     8.34400     0.00000    10.16611   10000.00
  3071.00000  3299.00000     8.36000     0.00000    10.18130   10000.00
  3081.00000  3289.00000     8.37500     0.00000    10.19590   10000.00
  3091.00000  3279.00000     8.39000     0.00000    10.21050   10000.00
  3101.00000  3269.00000     8.40500     0.00000    10.22510   10000.00
  3111.00000  3259.00000     8.42000     0.00000    10.23970   10000.00
  3121.00000  3249.00000     8.43500     0.00000    10.25430   10000.00
  3131.00000  3239.00000     8.45000     0.00000    10.26890   10000.00
  3141.00000  3229.00000     8.46500     0.00000    10.28350   10000.00
  3151.00000  3219.00000     8.48000     0.00000    10.29810   10000.00
  3161.00000  3209.00000     8.49500     0.00000    10.31270   10000.00
  3171.00000  3199.00000     8.51000     0.00000    10.32730   10000.00
  3181.00000  3189.00000     8.52500     0.00000    10.34130   10000.00
  3191.00000  3179.00000     8.54000     0.00000    10.35530   10000.00
  3201.00000  3169.00000     8.55500     0.00000    10.36930   10000.00
  3211.00000  3159.00000     8.57000     0.00000    10.38330   10000.00
  3221.00000  3149.00000     8.58500     0.00000    10.39730   10000.00
  3231.00000  3139.00000     8.60000     0.00000    10.41130   10000.00
  3241.00000  3129.00000     8.61500     0.00000    10.42530   10000.00
  3251.00000  3119.00000     8.63000     0.00000    10.43930   10000.00
  3261.00000  3109.00000     8.64500     0.00000    10.45330   10000.00
  3271.00000  3099.00000     8.66000     0.00000    10.46730   10000.00
  3281.00000  3089.00000     8.67400     0.00000    10.48072   10000.00
  3291.00000  3079.00000     8.68800     0.00000    10.49414   10000.00
  3301.00000  3069.00000     8.70200     0.00000    10.50756   10000.00
  3311.00000  3059.00000     8.71600     0.00000    10.52098   10000.00
  3321.00000  3049.00000     8.73000     0.00000    10.53440   10000.00
  3331.00000  3039.00000     8.74400     0.00000    10.54782   10000.00
  3341.00000  3029.00000     8.75800     0.00000    10.56124   10000.00
  3351.00000  3019.00000     8.77200     0.00000    10.57466   10000.00
  3361.00000  3009.00000     8.78600     0.00000    10.58808   10000.00
  3371.00000  2999.00000     8.80000     0.00000    10.60150   10000.00
  3381.00000  2989.00000     8.81300     0.00000    10.61436   10000.00
  3391.00000  2979.00000     8.82600     0.00000    10.62722   10000.00
  3401.00000  2969.00000     8.83900     0.00000    10.64008   10000.00
  3411.00000  2959.00000     8.85200     0.00000    10.65294   10000.00
  3421.00000  2949.00000     8.86500     0.00000    10.66580   10000.00
  3431.00000  2939.00000     8.87800     0.00000    10.67866   10000.00
  3441.00000  2929.00000     8.89100     0.00000    10.69152   10000.00
  3451.00000  2919.00000     8.90400     0.00000    10.70438   10000.00
  3461.00000  2909.00000     8.91700     0.00000    10.71724   10000.00
  3471.00000  2899.00000     8.93000     0.00000    10.73010   10000.00
  3481.00000  2889.00000     8.94200     0.00000    10.74241   10000.00
  3491.00000  2879.00000     8.95400     0.00000    10.75472   10000.00
  3501.00000  2869.00000     8.96600     0.00000    10.76703   10000.00
  3511.00000  2859.00000     8.97800     0.00000    10.77934   10000.00
  3521.00000  2849.00000     8.99000     0.00000    10.79165   10000.00
  3531.00000  2839.00000     9.00200     0.00000    10.80396   10000.00
  3541.00000  2829.00000     9.01400     0.00000    10.81627   10000.00
  3551.00000  2819.00000     9.02600     0.00000    10.82858   10000.00
  3561.00000  2809.00000     9.03800     0.00000    10.84089   10000.00
  3571.00000  2799.00000     9.05000     0.00000    10.85320   10000.00
  3581.00000  2789.00000     9.06200     0.00000    10.86497   10000.00
  3591.00000  2779.00000     9.07400     0.00000    10.87674   10000.00
  3601.00000  2769.00000     9.08600     0.00000    10.88851   10000.00
  3611.00000  2759.00000     9.09800     0.00000    10.90028   10000.00
  3621.00000  2749.00000     9.11000     0.00000    10.91205   10000.00
  3631.00000  2739.00000     9.12200     0.00000    10.92382   10000.00
  3641.00000  2729.00000     9.13400     0.00000    10.93559   10000.00
  3651.00000  2719.00000     9.14600     0.00000    10.94736   10000.00
  3661.00000  2709.00000     9.15800     0.00000    10.95913   10000.00
  3671.00000  2699.00000     9.17000     0.00000    10.97090   10000.00
  3681.00000  2689.00000     9.18100     0.00000    10.98215   10000.00
  3691.00000  2679.00000     9.19200     0.00000    10.99340   10000.00
  3701.00000  2669.00000     9.20300     0.00000    11.00465   10000.00
  3711.00000  2659.00000     9.21400     0.00000    11.01590   10000.00
  3721.00000  2649.00000     9.22500     0.00000    11.02715   10000.00
  3731.00000  2639.00000     9.23600     0.00000    11.03840   10000.00
  3741.00000  2629.00000     9.24700     0.00000    11.04965   10000.00
  3751.00000  2619.00000     9.25800     0.00000    11.06090   10000.00
  3761.00000  2609.00000     9.26900     0.00000    11.07215   10000.00
  3771.00000  2599.00000     9.28000     0.00000    11.08340   10000.00
  3781.00000  2589.00000     9.29000     0.00000    11.09413   10000.00
  3791.00000  2579.00000     9.30000     0.00000    11.10486   10000.00
  3801.00000  2569.00000     9.31000     0.00000    11.11559   10000.00
  3811.00000  2559.00000     9.32000     0.00000    11.12632   10000.00
  3821.00000  2549.00000     9.33000     0.00000    11.13705   10000.00
  3831.00000  2539.00000     9.34000     0.00000    11.14778   10000.00
  3841.00000  2529.00000     9.35000     0.00000    11.15851   10000.00
  3851.00000  2519.00000     9.36000     0.00000    11.16924   10000.00
  3861.00000  2509.00000     9.37000     0.00000    11.17997   10000.00
  3871.00000  2499.00000     9.38000     0.00000    11.19070   10000.00
  3881.00000  2489.00000     9.39000     0.00000    11.20093   10000.00
  3891.00000  2479.00000     9.40000     0.00000    11.21116   10000.00
  3901.00000  2469.00000     9.41000     0.00000    11.22139   10000.00
  3911.00000  2459.00000     9.42000     0.00000    11.23162   10000.00
  3921.00000  2449.00000     9.43000     0.00000    11.24185   10000.00
  3931.00000  2439.00000     9.44000     0.00000    11.25208   10000.00
  3941.00000  2429.00000     9.45000     0.00000    11.26231   10000.00
  3951.00000  2419.00000     9.46000     0.00000    11.27254   10000.00
  3961.00000  2409.00000     9.47000     0.00000    11.28277   10000.00
  3971.00000  2399.00000     9.48000     0.00000    11.29300   10000.00
  3981.00000  2389.00000     9.49000     0.00000    11.30274   10000.00
  3991.00000  2379.00000     9.50000     0.00000    11.31248   10000.00
  4001.00000  2369.00000     9.51000     0.00000    11.32222   10000.00
  4011.00000  2359.00000     9.52000     0.00000    11.33196   10000.00
  4021.00000  2349.00000     9.53000     0.00000    11.34170   10000.00
  4031.00000  2339.00000     9.54000     0.00000    11.35144   10000.00
  4041.00000  2329.00000     9.55000     0.00000    11.36118   10000.00
  4051.00000  2319.00000     9.56000     0.00000    11.37092   10000.00
  4061.00000  2309.00000     9.57000     0.00000    11.38066   10000.00
  4071.00000  2299.00000     9.58000     0.00000    11.39040   10000.00
  4081.00000  2289.00000     9.58900     0.00000    11.39967   10000.00
  4091.00000  2279.00000     9.59800     0.00000    11.40894   10000.00
  4101.00000  2269.00000     9.60700     0.00000    11.41821   10000.00
  4111.00000  2259.00000     9.61600     0.00000    11.42748   10000.00
  4121.00000  2249.00000     9.62500     0.00000    11.43675   10000.00
  4131.00000  2239.00000     9.63400     0.00000    11.44602   10000.00
  4141.00000  2229.00000     9.64300     0.00000    11.45529   10000.00
  4151.00000  2219.00000     9.65200     0.00000    11.46456   10000.00
  4161.00000  2209.00000     9.66100     0.00000    11.47383   10000.00
  4171.00000  2199.00000     9.67000     0.00000    11.48310   10000.00
  4181.00000  2189.00000     9.67800     0.00000    11.49191   10000.00
  4191.00000  2179.00000     9.68600     0.00000    11.50072   10000.00
  4201.00000  2169.00000     9.69400     0.00000    11.50953   10000.00
  4211.00000  2159.00000     9.70200     0.00000    11.51834   10000.00
  4221.00000  2149.00000     9.71000     0.00000    11.52715   10000.00
  4231.00000  2139.00000     9.71800     0.00000    11.53596   10000.00
  4241.00000  2129.00000     9.72600     0.00000    11.54477   10000.00
  4251.00000  2119.00000     9.73400     0.00000    11.55358   10000.00
  4261.00000  2109.00000     9.74200     0.00000    11.56239   10000.00
  4271.00000  2099.00000     9.75000     0.00000    11.57120   10000.00
  4281.00000  2089.00000     9.75900     0.00000    11.57956   10000.00
  4291.00000  2079.00000     9.76800     0.00000    11.58792   10000.00
  4301.00000  2069.00000     9.77700     0.00000    11.59628   10000.00
  4311.00000  2059.00000     9.78600     0.00000    11.60464   10000.00
  4321.00000  2049.00000     9.79500     0.00000    11.61300   10000.00
  4331.00000  2039.00000     9.80400     0.00000    11.62136   10000.00
  4341.00000  2029.00000     9.81300     0.00000    11.62972   10000.00
  4351.00000  2019.00000     9.82200     0.00000    11.63808   10000.00
  4361.00000  2009.00000     9.83100     0.00000    11.64644   10000.00
  4371.00000  1999.00000     9.84000     0.00000    11.65480   10000.00
  4381.00000  1989.00000     9.84700     0.00000    11.66272   10000.00
  4391.00000  1979.00000     9.85400     0.00000    11.67064   10000.00
  4401.00000  1969.00000     9.86100     0.00000    11.67856   10000.00
  4411.00000  1959.00000     9.86800     0.00000    11.68648   10000.00
  4421.00000  1949.00000     9.87500     0.00000    11.69440   10000.00
  4431.00000  1939.00000     9.88200     0.00000    11.70232   10000.00
  4441.00000  1929.00000     9.88900     0.00000    11.71024   10000.00
  4451.00000  1919.00000     9.89600     0.00000    11.71816   10000.00
  4461.00000  1909.00000     9.90300     0.00000    11.72608   10000.00
  4471.00000  1899.00000     9.91000     0.00000    11.73400   10000.00
  4481.00000  1889.00000     9.91800     0.00000    11.74150   10000.00
  4491.00000  1879.00000     9.92600     0.00000    11.74900   10000.00
  4501.00000  1869.00000     9.93400     0.00000    11.75650   10000.00
  4511.00000  1859.00000     9.94200     0.00000    11.76400   10000.00
  4521.00000  1849.00000     9.95000     0.00000    11.77150   10000.00
  4531.00000  1839.00000     9.95800     0.00000    11.77900   10000.00
  4541.00000  1829.00000     9.96600     0.00000    11.78650   10000.00
  4551.00000  1819.00000     9.97400     0.00000    11.79400   10000.00
  4561.00000  1809.00000     9.98200     0.00000    11.80150   10000.00
  4571.00000  1799.00000     9.99000     0.00000    11.80900   10000.00
  4581.00000  1789.00000     9.99700     0.00000    11.81609   10000.00
  4591.00000  1779.00000    10.00400     0.00000    11.82318   10000.00
  4601.00000  1769.00000    10.01100     0.00000    11.83027   10000.00
  4611.00000  1759.00000    10.01800     0.00000    11.83736   10000.00
  4621.00000  1749.00000    10.02500     0.00000    11.84445   10000.00
  4631.00000  1739.00000    10.03200     0.00000    11.85154   10000.00
  4641.00000  1729.00000    10.03900     0.00000    11.85863   10000.00
  4651.00000  1719.00000    10.04600     0.00000    11.86572   10000.00
  4661.00000  1709.00000    10.05300     0.00000    11.87281   10000.00
  4671.00000  1699.00000    10.06000     0.00000    11.87990   10000.00
  4681.00000  1689.00000    10.06600     0.00000    11.88659   10000.00
  4691.00000  1679.00000    10.07200     0.00000    11.89328   10000.00
  4701.00000  1669.00000    10.07800     0.00000    11.89997   10000.00
  4711.00000  1659.00000    10.08400     0.00000    11.90666   10000.00
  4721.00000  1649.00000    10.09000     0.00000    11.91335   10000.00
  4731.00000  1639.00000    10.09600     0.00000    11.92004   10000.00
  4741.00000  1629.00000    10.10200     0.00000    11.92673   10000.00
  4751.00000  1619.00000    10.10800     0.00000    11.93342   10000.00
  4761.00000  1609.00000    10.11400     0.00000    11.94011   10000.00
  4771.00000  1599.00000    10.12000     0.00000    11.94680   10000.00
  4781.00000  1589.00000    10.12700     0.00000    11.95311   10000.00
  4791.00000  1579.00000    10.13400     0.00000    11.95942   10000.00
  4801.00000  1569.00000    10.14100     0.00000    11.96573   10000.00
  4811.00000  1559.00000    10.14800     0.00000    11.97204   10000.00
  4821.00000  1549.00000    10.15500     0.00000    11.97835   10000.00
  4831.00000  1539.00000    10.16200     0.00000    11.98466   10000.00
  4841.00000  1529.00000    10.16900     0.00000    11.99097   10000.00
  4851.00000  1519.00000    10.17600     0.00000    11.99728   10000.00
  4861.00000  1509.00000    10.18300     0.00000    12.00359   10000.00
  4871.00000  1499.00000    10.19000     0.00000    12.00990   10000.00
  4881.00000  1489.00000    10.19600     0.00000    12.01583   10000.00
  4891.00000  1479.00000    10.20200     0.00000    12.02176   10000.00
  4901.00000  1469.00000    10.20800     0.00000    12.02769   10000.00
  4911.00000  1459.00000    10.21400     0.00000    12.03362   10000.00
  4921.00000  1449.00000    10.22000     0.00000    12.03955   10000.00
  4931.00000  1439.00000    10.22600     0.00000    12.04548   10000.00
  4941.00000  1429.00000    10.23200     0.00000    12.05141   10000.00
  4951.00000  1419.00000    10.23800     0.00000    12.05734   10000.00
  4961.00000  1409.00000    10.24400     0.00000    12.06327   10000.00
  4971.00000  1399.00000    10.25000     0.00000    12.06920   10000.00
  4981.00000  1389.00000    10.25600     0.00000    12.07478   10000.00
  4991.00000  1379.00000    10.26200     0.00000    12.08036   10000.00
  5001.00000  1369.00000    10.26800     0.00000    12.08594   10000.00
  5011.00000  1359.00000    10.27400     0.00000    12.09152   10000.00
  5021.00000  1349.00000    10.28000     0.00000    12.09710   10000.00
  5031.00000  1339.00000    10.28600     0.00000    12.10268   10000.00
  5041.00000  1329.00000    10.29200     0.00000    12.10826   10000.00
  5051.00000  1319.00000    10.29800     0.00000    12.11384   10000.00
  5061.00000  1309.00000    10.30400     0.00000    12.11942   10000.00
  5071.00000  1299.00000    10.31000     0.00000    12.12500   10000.00
  5082.14307  1287.85718    10.31714     0.00000    12.13090   10000.00
  5093.28564  1276.71423    10.32429     0.00000    12.13680   10000.00
  5104.42871  1265.57141    10.33143     0.00000    12.14270   10000.00
  5115.57129  1254.42859    10.33857     0.00000    12.14860   10000.00
  5126.71436  1243.28577    10.34571     0.00000    12.15450   10000.00
  5137.85693  1232.14282    10.35286     0.00000    12.16040   10000.00
  5149.00000  1221.00000    10.36000     0.00000    12.16630   10000.00
  5149.00000  1221.00000    11.03000     3.50000    12.76360   10000.00
  5160.00000  1210.00000    11.03500     3.50500    12.76925   10000.00
  5171.00000  1199.00000    11.04000     3.51000    12.77490   10000.00
  5181.00000  1189.00000    11.04300     3.51300    12.77991   10000.00
  5191.00000  1179.00000    11.04600     3.51600    12.78492   10000.00
  5201.00000  1169.00000    11.04900     3.51900    12.78993   10000.00
  5211.00000  1159.00000    11.05200     3.52200    12.79494   10000.00
  5221.00000  1149.00000    11.05500     3.52500    12.79995   10000.00
  5231.00000  1139.00000    11.05800     3.52800    12.80496   10000.00
  5241.00000  1129.00000    11.06100     3.53100    12.80997   10000.00
  5251.00000  1119.00000    11.06400     3.53400    12.81498   10000.00
  5261.00000  1109.00000    11.06700     3.53700    12.81999   10000.00
  5271.00000  1099.00000    11.07000     3.54000    12.82500   10000.00
  5281.00000  1089.00000    11.07400     3.54200    12.82957   10000.00
  5291.00000  1079.00000    11.07800     3.54400    12.83414   10000.00
  5301.00000  1069.00000    11.08200     3.54600    12.83871   10000.00
  5311.00000  1059.00000    11.08600     3.54800    12.84328   10000.00
  5321.00000  1049.00000    11.09000     3.55000    12.84785   10000.00
  5331.00000  1039.00000    11.09400     3.55200    12.85242   10000.00
  5341.00000  1029.00000    11.09800     3.55400    12.85699   10000.00
  5351.00000  1019.00000    11.10200     3.55600    12.86156   10000.00
  5361.00000  1009.00000    11.10600     3.55800    12.86613   10000.00
  5371.00000   999.00000    11.11000     3.56000    12.87070   10000.00
  5381.00000   989.00000    11.11300     3.56200    12.87484   10000.00
  5391.00000   979.00000    11.11600     3.56400    12.87898   10000.00
  5401.00000   969.00000    11.11900     3.56600    12.88312   10000.00
  5411.00000   959.00000    11.12200     3.56800    12.88726   10000.00
  5421.00000   949.00000    11.12500     3.57000    12.89140   10000.00
  5431.00000   939.00000    11.12800     3.57200    12.89554   10000.00
  5441.00000   929.00000    11.13100     3.57400    12.89968   10000.00
  5451.00000   919.00000    11.13400     3.57600    12.90382   10000.00
  5461.00000   909.00000    11.13700     3.57800    12.90796   10000.00
  5471.00000   899.00000    11.14000     3.58000    12.91210   10000.00
  5481.00000   889.00000    11.14200     3.58200    12.91580   10000.00
  5491.00000   879.00000    11.14400     3.58400    12.91950   10000.00
  5501.00000   869.00000    11.14600     3.58600    12.92320   10000.00
  5511.00000   859.00000    11.14800     3.58800    12.92690   10000.00
  5521.00000   849.00000    11.15000     3.59000    12.93060   10000.00
  5531.00000   839.00000    11.15200     3.59200    12.93430   10000.00
  5541.00000   829.00000    11.15400     3.59400    12.93800   10000.00
  5551.00000   819.00000    11.15600     3.59600    12.94170   10000.00
  5561.00000   809.00000    11.15800     3.59800    12.94540   10000.00
  5571.00000   799.00000    11.16000     3.60000    12.94910   10000.00
  5581.00000   789.00000    11.16300     3.60100    12.95237   10000.00
  5591.00000   779.00000    11.16600     3.60200    12.95564   10000.00
  5601.00000   769.00000    11.16900     3.60300    12.95891   10000.00
  5611.00000   759.00000    11.17200     3.60400    12.96218   10000.00
  5621.00000   749.00000    11.17500     3.60500    12.96545   10000.00
  5631.00000   739.00000    11.17800     3.60600    12.96872   10000.00
  5641.00000   729.00000    11.18100     3.60700    12.97199   10000.00
  5651.00000   719.00000    11.18400     3.60800    12.97526   10000.00
  5661.00000   709.00000    11.18700     3.60900    12.97853   10000.00
  5671.00000   699.00000    11.19000     3.61000    12.98180   10000.00
  5681.00000   689.00000    11.19200     3.61200    12.98463   10000.00
  5691.00000   679.00000    11.19400     3.61400    12.98746   10000.00
  5701.00000   669.00000    11.19600     3.61600    12.99029   10000.00
  5711.00000   659.00000    11.19800     3.61800    12.99312   10000.00
  5721.00000   649.00000    11.20000     3.62000    12.99595   10000.00
  5731.00000   639.00000    11.20200     3.62200    12.99878   10000.00
  5741.00000   629.00000    11.20400     3.62400    13.00161   10000.00
  5751.00000   619.00000    11.20600     3.62600    13.00444   10000.00
  5761.00000   609.00000    11.20800     3.62800    13.00727   10000.00
  5771.00000   599.00000    11.21000     3.63000    13.01010   10000.00
  5781.00000   589.00000    11.21150     3.63100    13.01228   10000.00
  5791.00000   579.00000    11.21300     3.63200    13.01445   10000.00
  5801.00000   569.00000    11.21450     3.63300    13.01663   10000.00
  5811.00000   559.00000    11.21600     3.63400    13.01880   10000.00
  5821.00000   549.00000    11.21750     3.63500    13.02098   10000.00
  5831.00000   539.00000    11.21900     3.63600    13.02315   10000.00
  5841.00000   529.00000    11.22050     3.63700    13.02533   10000.00
  5851.00000   519.00000    11.22200     3.63800    13.02750   10000.00
  5861.00000   509.00000    11.22350     3.63900    13.02968   10000.00
  5871.00000   499.00000    11.22500     3.64000    13.03185   10000.00
  5881.00000   489.00000    11.22650     3.64100    13.03403   10000.00
  5891.00000   479.00000    11.22800     3.64200    13.03620   10000.00
  5901.00000   469.00000    11.22950     3.64300    13.03837   10000.00
  5911.00000   459.00000    11.23100     3.64400    13.04055   10000.00
  5921.00000   449.00000    11.23250     3.64500    13.04273   10000.00
  5931.00000   439.00000    11.23400     3.64600    13.04490   10000.00
  5941.00000   429.00000    11.23550     3.64700    13.04708   10000.00
  5951.00000   419.00000    11.23700     3.64800    13.04925   10000.00
  5961.00000   409.00000    11.23850     3.64900    13.05142   10000.00
  5971.00000   399.00000    11.24000     3.65000    13.05360   10000.00
  5981.23096   388.76923    11.24051     3.65026    13.05427   10000.00
  5991.46143   378.53845    11.24102     3.65051    13.05494   10000.00
  6001.69238   368.30768    11.24154     3.65077    13.05562   10000.00
  6011.92285   358.07693    11.24205     3.65103    13.05629   10000.00
  6022.15381   347.84616    11.24256     3.65128    13.05696   10000.00
  6032.38477   337.61539    11.24308     3.65154    13.05763   10000.00
  6042.61523   327.38461    11.24359     3.65179    13.05830   10000.00
  6052.84619   317.15384    11.24410     3.65205    13.05897   10000.00
  6063.07715   306.92310    11.24462     3.65231    13.05965   10000.00
  6073.30762   296.69232    11.24513     3.65256    13.06032   10000.00
  6083.53857   286.46155    11.24564     3.65282    13.06099   10000.00
  6093.76904   276.23077    11.24615     3.65308    13.06166   10000.00
  6104.00000   266.00000    11.24667     3.65333    13.06233   10000.00
  6114.23096   255.76923    11.24718     3.65359    13.06301   10000.00
  6124.46143   245.53847    11.24769     3.65385    13.06368   10000.00
  6134.69238   235.30769    11.24821     3.65410    13.06435   10000.00
  6144.92285   225.07692    11.24872     3.65436    13.06502   10000.00
  6155.15381   214.84616    11.24923     3.65462    13.06569   10000.00
  6165.38477   204.61539    11.24974     3.65487    13.06636   10000.00
  6175.61523   194.38461    11.25026     3.65513    13.06704   10000.00
  6185.84619   184.15384    11.25077     3.65538    13.06771   10000.00
  6196.07715   173.92308    11.25128     3.65564    13.06838   10000.00
  6206.30762   163.69231    11.25179     3.65590    13.06905   10000.00
  6216.53857   153.46153    11.25231     3.65615    13.06972   10000.00
  6226.76904   143.23077    11.25282     3.65641    13.07039   10000.00
  6237.00000   133.00000    11.25333     3.65667    13.07107   10000.00
  6247.23096   122.76923    11.25385     3.65692    13.07174   10000.00
  6257.46143   112.53845    11.25436     3.65718    13.07241   10000.00
  6267.69238   102.30768    11.25487     3.65744    13.07308   10000.00
  6277.92285    92.07693    11.25538     3.65769    13.07375   10000.00
  6288.15381    81.84616    11.25590     3.65795    13.07443   10000.00
  6298.38477    71.61539    11.25641     3.65821    13.07510   10000.00
  6308.61523    61.38461    11.25692     3.65846    13.07577   10000.00
  6318.84619    51.15384    11.25744     3.65872    13.07644   10000.00
  6329.07715    40.92307    11.25795     3.65897    13.07711   10000.00
  6339.30762    30.69232    11.25846     3.65923    13.07778   10000.00
  6349.53857    20.46155    11.25898     3.65949    13.07846   10000.00
  6359.76904    10.23077    11.25949     3.65974    13.07913   10000.00
  6370.00000     0.00000    11.26000     3.66000    13.07980   10000.00
